0.231 0.192 0.818 0.441 0.991 0.290 0.760 0.308 0.251 0.983 0.799 0.904 0.778 0.846 0 0 0
0.199 0.213 0.768 0.644 0.966 0.667 0.788 0.324 0.474 0.926 0.639 0.876 0.776 0.637 0 0 0
0.191 0.208 0.791 0.535 0.989 0.760 0.600 0.330 0.239 0.975 0.743 0.922 0.801 0.923 0 0 0
0.191 0.357 0.805 0.473 0.948 0.835 0.779 0.361 0.434 0.987 0.745 0.945 0.802 0.910 0 0 0
0.175 0.350 0.795 0.556 0.942 0.802 0.833 0.368 0.504 0.936 0.823 0.840 0.789 0.887 0 0 0
0.171 0.260 0.796 0.398 0.906 0.717 0.788 0.390 0.779 0.892 0.656 0.958 0.786 0.913 0 0 0
0.108 0.435 0.659 0.292 0.942 0.687 0.587 0.332 0.446 0.927 0.395 0.943 0.745 0.449 0 0 0
0.124 0.354 0.808 0.318 0.840 0.862 0.510 0.306 0.713 0.766 0.775 0.673 0.722 0.972 0 0 0
0.177 0.328 0.783 0.387 0.751 0.720 0.787 0.314 0.801 0.893 0.461 0.834 0.837 0.751 0 0 0
0.136 0.596 0.763 0.278 0.943 0.859 0.672 0.365 0.616 0.959 0.442 0.902 0.808 0.777 0 0 0
0.129 0.327 0.543 0.715 1.000 0.830 0.873 0.955 0.869 0.957 0.963 0.744 0.843 0.972 1 1 1
0.171 0.228 0.372 0.590 0.985 0.771 0.761 0.998 0.880 0.832 0.951 0.564 0.714 0.968 1 1 1
0.171 0.228 0.372 0.590 0.985 0.771 0.761 0.998 0.880 0.832 0.951 0.564 0.714 0.968 1 1 1
0.094 0.172 0.191 0.141 0.243 0.367 0.249 0.287 0.444 0.272 0.218 0.639 0.241 0.341 1 1 1
0.124 0.246 0.365 0.684 1.000 0.759 0.846 0.926 0.898 0.949 0.930 0.756 0.794 0.948 1 1 1
0.128 0.316 0.392 0.638 0.901 0.641 0.853 0.741 0.829 0.865 0.736 0.856 0.835 0.892 1 1 1
0.151 0.333 0.483 0.705 0.902 0.679 0.848 0.773 0.811 0.858 0.788 0.893 0.819 0.937 1 1 1
0.187 0.337 0.404 0.616 0.920 0.643 0.848 0.854 0.801 0.871 0.714 0.975 0.890 0.944 1 1 1
0.102 0.288 0.276 0.691 0.936 0.647 0.877 0.806 0.779 0.882 0.798 0.940 0.863 0.886 1 1 1
0.104 0.270 0.169 0.307 0.874 0.729 0.679 0.851 0.787 0.862 0.817 0.975 0.828 0.974 1 1 1
0.081 0.435 0.321 0.399 0.708 0.744 0.170 0.602 0.685 0.122 0.558 0.538 0.107 0.332 2 2 2
0.081 0.435 0.321 0.399 0.708 0.744 0.170 0.602 0.685 0.122 0.558 0.538 0.107 0.332 2 2 2
0.081 0.435 0.321 0.399 0.708 0.744 0.170 0.602 0.685 0.122 0.558 0.538 0.107 0.332 2 2 2
0.157 0.303 0.630 0.142 0.514 0.490 0.275 0.443 0.727 0.184 0.527 0.742 0.101 0.489 2 2 2
0.141 0.046 0.414 0.119 0.479 0.458 0.123 0.462 0.602 0.044 0.489 0.740 0.063 0.409 2 2 2
0.141 0.046 0.414 0.119 0.479 0.458 0.123 0.462 0.602 0.044 0.489 0.740 0.063 0.409 2 2 2
0.114 0.443 0.412 0.202 0.458 0.662 0.095 0.358 0.769 0.046 0.457 0.716 0.018 0.259 2 2 2
0.114 0.443 0.412 0.202 0.458 0.662 0.095 0.358 0.769 0.046 0.457 0.716 0.018 0.259 2 2 2
0.081 0.435 0.321 0.399 0.708 0.744 0.170 0.602 0.685 0.122 0.558 0.538 0.107 0.332 2 2 2
0.081 0.435 0.321 0.399 0.708 0.744 0.170 0.602 0.685 0.122 0.558 0.538 0.107 0.332 2 2 2
0.193 0.216 0.295 0.026 0.149 0.614 0.118 0.222 0.863 0.067 0.170 0.508 0.019 0.310 3 3 3
0.193 0.216 0.295 0.026 0.149 0.614 0.118 0.222 0.863 0.067 0.170 0.508 0.019 0.310 3 3 3
0.179 0.211 0.269 0.045 0.133 0.667 0.150 0.258 0.884 0.095 0.111 0.421 0.040 0.283 3 3 3
0.187 0.241 0.409 0.268 0.140 0.660 0.174 0.308 0.777 0.213 0.127 0.712 0.078 0.230 3 3 3
0.187 0.241 0.409 0.268 0.140 0.660 0.174 0.308 0.777 0.213 0.127 0.712 0.078 0.230 3 3 3
0.185 0.241 0.419 0.150 0.154 0.658 0.227 0.312 0.815 0.272 0.269 0.614 0.104 0.533 3 3 3
0.242 0.238 0.864 0.161 0.103 0.637 0.175 0.311 0.797 0.151 0.167 0.579 0.096 0.388 3 3 3
0.242 0.238 0.864 0.161 0.103 0.637 0.175 0.311 0.797 0.151 0.167 0.579 0.096 0.388 3 3 3
0.226 0.303 0.773 0.105 0.116 0.642 0.147 0.248 0.882 0.124 0.138 0.556 0.084 0.405 3 3 3
0.226 0.303 0.773 0.105 0.116 0.642 0.147 0.248 0.882 0.124 0.138 0.556 0.084 0.405 3 3 3
0.200 0.230 0.833 0.555 0.767 0.533 0.742 0.971 0.843 0.738 0.993 0.707 0.684 0.956 4 4 4
0.193 0.210 0.787 0.653 0.810 0.865 0.782 0.960 0.880 0.815 0.930 0.840 0.617 0.926 4 4 4
0.191 0.303 0.855 0.653 0.649 0.775 0.771 0.950 0.843 0.752 0.894 0.930 0.634 0.972 4 4 4
0.191 0.303 0.855 0.653 0.649 0.775 0.771 0.950 0.843 0.752 0.894 0.930 0.634 0.972 4 4 4
0.191 0.303 0.855 0.653 0.649 0.775 0.771 0.950 0.843 0.752 0.894 0.930 0.634 0.972 4 4 4
0.222 0.363 0.817 0.682 0.752 0.573 0.805 0.967 0.912 0.880 0.900 0.870 0.767 0.937 4 4 4
0.222 0.231 0.809 0.676 0.244 0.552 0.823 0.965 0.835 0.922 0.880 0.885 0.704 0.725 4 4 4
0.244 0.330 0.788 0.639 0.613 0.646 0.826 0.913 0.894 0.850 0.868 0.877 0.761 0.938 4 4 4
0.244 0.330 0.788 0.639 0.613 0.646 0.826 0.913 0.894 0.850 0.868 0.877 0.761 0.938 4 4 4
0.244 0.330 0.788 0.639 0.613 0.646 0.826 0.913 0.894 0.850 0.868 0.877 0.761 0.938 4 4 4
0.257 0.389 0.870 0.029 0.814 0.416 0.198 0.187 0.733 0.312 0.169 0.702 0.123 0.219 5 5 5
0.257 0.389 0.870 0.029 0.814 0.416 0.198 0.187 0.733 0.312 0.169 0.702 0.123 0.219 5 5 5
0.236 0.306 0.840 0.239 0.516 0.362 0.194 0.207 0.390 0.166 0.277 0.752 0.146 0.535 5 5 5
0.257 0.389 0.870 0.029 0.814 0.416 0.198 0.187 0.733 0.312 0.169 0.702 0.123 0.219 5 5 5
0.236 0.344 0.860 0.134 0.662 0.320 0.154 0.196 0.833 0.149 0.191 0.637 0.034 0.511 5 5 5
0.236 0.344 0.860 0.134 0.662 0.320 0.154 0.196 0.833 0.149 0.191 0.637 0.034 0.511 5 5 5
0.236 0.344 0.860 0.134 0.662 0.320 0.154 0.196 0.833 0.149 0.191 0.637 0.034 0.511 5 5 5
0.236 0.344 0.860 0.134 0.662 0.320 0.154 0.196 0.833 0.149 0.191 0.637 0.034 0.511 5 5 5
0.257 0.389 0.870 0.029 0.814 0.416 0.198 0.187 0.733 0.312 0.169 0.702 0.123 0.219 5 5 5
0.257 0.389 0.870 0.029 0.814 0.416 0.198 0.187 0.733 0.312 0.169 0.702 0.123 0.219 5 5 5
0.161 0.279 0.516 0.892 0.902 0.838 0.825 0.885 0.888 0.828 0.935 0.850 0.692 0.963 6 6 4
0.145 0.524 0.466 0.958 0.913 0.837 0.883 0.927 0.914 0.928 0.957 0.952 0.769 0.985 6 6 4
0.110 0.456 0.468 0.913 0.913 0.844 0.886 0.916 0.898 0.914 0.928 0.910 0.804 0.999 6 6 4
0.110 0.456 0.468 0.913 0.913 0.844 0.886 0.916 0.898 0.914 0.928 0.910 0.804 0.999 6 6 4
0.110 0.456 0.468 0.913 0.913 0.844 0.886 0.916 0.898 0.914 0.928 0.910 0.804 0.999 6 6 4
0.110 0.456 0.468 0.913 0.913 0.844 0.886 0.916 0.898 0.914 0.928 0.910 0.804 0.999 6 6 4
0.153 0.848 0.518 0.858 0.947 0.827 0.749 0.951 0.859 0.733 0.916 0.870 0.624 0.981 6 6 4
0.153 0.848 0.518 0.858 0.947 0.827 0.749 0.951 0.859 0.733 0.916 0.870 0.624 0.981 6 6 4
0.120 0.377 0.555 0.821 0.913 0.795 0.750 0.914 0.869 0.813 0.959 0.872 0.756 0.987 6 6 4
0.161 0.281 0.468 0.837 0.947 0.798 0.605 0.916 0.869 0.592 0.953 0.787 0.538 0.973 6 6 4
0.116 0.296 0.380 0.190 0.816 0.678 0.233 0.304 0.665 0.309 0.167 0.810 0.101 0.333 7 7 5
0.126 0.029 0.389 0.187 0.838 0.670 0.125 0.276 0.835 0.043 0.067 0.638 0.005 0.167 7 7 5
0.136 0.046 0.272 0.150 0.802 0.672 0.124 0.268 0.853 0.056 0.073 0.621 0.042 0.186 7 7 5
0.136 0.046 0.272 0.150 0.802 0.672 0.124 0.268 0.853 0.056 0.073 0.621 0.042 0.186 7 7 5
0.167 0.043 0.424 0.206 0.792 0.596 0.099 0.293 0.554 0.121 0.066 0.821 0.036 0.173 7 7 5
0.143 0.348 0.522 0.168 0.577 0.503 0.147 0.302 0.779 0.169 0.162 0.688 0.067 0.258 7 7 5
0.104 0.587 0.556 0.246 0.785 0.659 0.110 0.273 0.839 0.059 0.104 0.680 0.017 0.210 7 7 5
0.102 0.478 0.484 0.240 0.769 0.675 0.108 0.297 0.821 0.063 0.084 0.680 0.020 0.208 7 7 5
0.118 0.336 0.589 0.144 0.645 0.606 0.121 0.269 0.779 0.083 0.105 0.691 0.036 0.174 7 7 5
0.096 0.670 0.561 0.164 0.337 0.621 0.090 0.293 0.831 0.068 0.063 0.643 0.019 0.191 7 7 5
0.112 0.751 0.603 0.242 0.853 0.659 0.469 0.379 0.863 0.512 0.290 0.778 0.068 0.212 8 8 6
0.108 0.430 0.630 0.116 0.884 0.618 0.439 0.565 0.797 0.413 0.386 0.843 0.077 0.179 8 8 6
0.108 0.430 0.630 0.116 0.884 0.618 0.439 0.565 0.797 0.413 0.386 0.843 0.077 0.179 8 8 6
0.138 0.672 0.811 0.196 0.946 0.844 0.653 0.690 0.859 0.493 0.191 0.801 0.112 0.190 8 8 6
0.151 0.378 0.845 0.179 0.926 0.688 0.470 0.419 0.930 0.502 0.075 0.745 0.070 0.143 8 8 6
0.184 0.304 0.553 0.378 0.894 0.687 0.635 0.645 0.867 0.551 0.393 0.716 0.066 0.177 8 8 6
0.184 0.304 0.553 0.378 0.894 0.687 0.635 0.645 0.867 0.551 0.393 0.716 0.066 0.177 8 8 6
0.184 0.304 0.553 0.378 0.894 0.687 0.635 0.645 0.867 0.551 0.393 0.716 0.066 0.177 8 8 6
0.184 0.304 0.553 0.378 0.894 0.687 0.635 0.645 0.867 0.551 0.393 0.716 0.066 0.177 8 8 6
0.184 0.304 0.553 0.378 0.894 0.687 0.635 0.645 0.867 0.551 0.393 0.716 0.066 0.177 8 8 6
0.175 0.826 0.531 0.106 0.269 0.615 0.169 0.298 0.871 0.067 0.115 0.716 0.050 0.127 9 9 3
0.175 0.826 0.531 0.106 0.269 0.615 0.169 0.298 0.871 0.067 0.115 0.716 0.050 0.127 9 9 3
0.175 0.826 0.531 0.106 0.269 0.615 0.169 0.298 0.871 0.067 0.115 0.716 0.050 0.127 9 9 3
0.175 0.826 0.531 0.106 0.269 0.615 0.169 0.298 0.871 0.067 0.115 0.716 0.050 0.127 9 9 3
0.175 0.826 0.531 0.106 0.269 0.615 0.169 0.298 0.871 0.067 0.115 0.716 0.050 0.127 9 9 3
0.175 0.826 0.531 0.106 0.269 0.615 0.169 0.298 0.871 0.067 0.115 0.716 0.050 0.127 9 9 3
0.184 0.329 0.524 0.037 0.358 0.498 0.121 0.294 0.852 0.081 0.146 0.685 0.056 0.227 9 9 3
0.184 0.329 0.524 0.037 0.358 0.498 0.121 0.294 0.852 0.081 0.146 0.685 0.056 0.227 9 9 3
0.205 0.352 0.734 0.167 0.166 0.594 0.136 0.301 0.830 0.083 0.103 0.611 0.006 0.159 9 9 3
0.169 0.874 0.510 0.136 0.164 0.615 0.085 0.289 0.865 0.029 0.084 0.659 0.022 0.151 9 9 3
0.274 0.224 0.490 0.190 0.133 0.479 0.276 0.673 0.788 0.150 0.618 0.757 0.062 0.855 10 10 7
0.274 0.224 0.490 0.190 0.133 0.479 0.276 0.673 0.788 0.150 0.618 0.757 0.062 0.855 10 10 7
0.274 0.224 0.490 0.190 0.133 0.479 0.276 0.673 0.788 0.150 0.618 0.757 0.062 0.855 10 10 7
0.263 0.111 0.368 0.255 0.097 0.755 0.510 0.689 0.922 0.356 0.650 0.726 0.062 0.957 10 10 7
0.263 0.111 0.368 0.255 0.097 0.755 0.510 0.689 0.922 0.356 0.650 0.726 0.062 0.957 10 10 7
0.263 0.111 0.368 0.255 0.097 0.755 0.510 0.689 0.922 0.356 0.650 0.726 0.062 0.957 10 10 7
0.263 0.111 0.368 0.255 0.097 0.755 0.510 0.689 0.922 0.356 0.650 0.726 0.062 0.957 10 10 7
0.238 0.062 0.305 0.286 0.097 0.794 0.595 0.692 0.842 0.622 0.579 0.777 0.296 0.950 10 10 7
0.238 0.062 0.305 0.286 0.097 0.794 0.595 0.692 0.842 0.622 0.579 0.777 0.296 0.950 10 10 7
0.238 0.062 0.305 0.286 0.097 0.794 0.595 0.692 0.842 0.622 0.579 0.777 0.296 0.950 10 10 7
0.220 0.432 0.681 0.194 0.063 0.221 0.240 0.285 0.407 0.102 0.245 0.846 0.037 0.755 11 11 8
0.220 0.432 0.681 0.194 0.063 0.221 0.240 0.285 0.407 0.102 0.245 0.846 0.037 0.755 11 11 8
0.220 0.432 0.681 0.194 0.063 0.221 0.240 0.285 0.407 0.102 0.245 0.846 0.037 0.755 11 11 8
0.220 0.432 0.681 0.194 0.063 0.221 0.240 0.285 0.407 0.102 0.245 0.846 0.037 0.755 11 11 8
0.124 0.679 0.708 0.102 0.140 0.399 0.107 0.296 0.678 0.117 0.192 0.803 0.104 0.785 11 11 8
0.124 0.679 0.708 0.102 0.140 0.399 0.107 0.296 0.678 0.117 0.192 0.803 0.104 0.785 11 11 8
0.124 0.679 0.708 0.102 0.140 0.399 0.107 0.296 0.678 0.117 0.192 0.803 0.104 0.785 11 11 8
0.124 0.679 0.708 0.102 0.140 0.399 0.107 0.296 0.678 0.117 0.192 0.803 0.104 0.785 11 11 8
0.124 0.679 0.708 0.102 0.140 0.399 0.107 0.296 0.678 0.117 0.192 0.803 0.104 0.785 11 11 8
0.124 0.679 0.708 0.102 0.140 0.399 0.107 0.296 0.678 0.117 0.192 0.803 0.104 0.785 11 11 8
0.050 0.569 0.687 0.084 0.055 0.321 0.125 0.297 0.133 0.331 0.366 0.761 0.356 0.788 12 12 8
0.050 0.569 0.687 0.084 0.055 0.321 0.125 0.297 0.133 0.331 0.366 0.761 0.356 0.788 12 12 8
0.050 0.569 0.687 0.084 0.055 0.321 0.125 0.297 0.133 0.331 0.366 0.761 0.356 0.788 12 12 8
0.050 0.569 0.687 0.084 0.055 0.321 0.125 0.297 0.133 0.331 0.366 0.761 0.356 0.788 12 12 8
0.050 0.569 0.687 0.084 0.055 0.321 0.125 0.297 0.133 0.331 0.366 0.761 0.356 0.788 12 12 8
0.180 0.380 0.657 0.170 0.058 0.242 0.071 0.340 0.049 0.587 0.345 0.797 0.384 0.569 12 12 8
0.191 0.335 0.719 0.049 0.043 0.383 0.252 0.293 0.435 0.272 0.402 0.728 0.180 0.540 12 12 8
0.128 0.605 0.691 0.098 0.132 0.301 0.093 0.280 0.246 0.200 0.568 0.752 0.100 0.919 12 12 8
0.128 0.605 0.691 0.098 0.132 0.301 0.093 0.280 0.246 0.200 0.568 0.752 0.100 0.919 12 12 8
0.128 0.605 0.691 0.098 0.132 0.301 0.093 0.280 0.246 0.200 0.568 0.752 0.100 0.919 12 12 8
0.189 0.454 0.570 0.313 0.833 0.517 0.243 0.236 0.316 0.180 0.186 0.752 0.122 0.342 13 13 8
0.189 0.454 0.570 0.313 0.833 0.517 0.243 0.236 0.316 0.180 0.186 0.752 0.122 0.342 13 13 8
0.189 0.454 0.570 0.313 0.833 0.517 0.243 0.236 0.316 0.180 0.186 0.752 0.122 0.342 13 13 8
0.189 0.454 0.570 0.313 0.833 0.517 0.243 0.236 0.316 0.180 0.186 0.752 0.122 0.342 13 13 8
0.189 0.454 0.570 0.313 0.833 0.517 0.243 0.236 0.316 0.180 0.186 0.752 0.122 0.342 13 13 8
0.189 0.454 0.570 0.313 0.833 0.517 0.243 0.236 0.316 0.180 0.186 0.752 0.122 0.342 13 13 8
0.189 0.454 0.570 0.313 0.833 0.517 0.243 0.236 0.316 0.180 0.186 0.752 0.122 0.342 13 13 8
0.137 0.331 0.536 0.171 0.735 0.580 0.468 0.306 0.653 0.420 0.128 0.784 0.094 0.172 13 13 8
0.164 0.333 0.621 0.141 0.792 0.262 0.152 0.199 0.413 0.127 0.159 0.745 0.073 0.127 13 13 8
0.164 0.333 0.621 0.141 0.792 0.262 0.152 0.199 0.413 0.127 0.159 0.745 0.073 0.127 13 13 8
0.166 0.205 0.336 0.183 0.757 0.740 0.160 0.347 0.318 0.773 0.390 0.792 0.746 0.536 14 14 5
0.196 0.069 0.262 0.199 0.792 0.762 0.094 0.361 0.236 0.511 0.308 0.779 0.417 0.373 14 14 5
0.157 0.030 0.330 0.138 0.670 0.711 0.106 0.357 0.160 0.806 0.667 0.736 0.598 0.883 14 14 5
0.157 0.030 0.330 0.138 0.670 0.711 0.106 0.357 0.160 0.806 0.667 0.736 0.598 0.883 14 14 5
0.164 0.077 0.302 0.150 0.839 0.792 0.134 0.225 0.891 0.079 0.560 0.540 0.057 0.824 14 14 5
0.164 0.077 0.302 0.150 0.839 0.792 0.134 0.225 0.891 0.079 0.560 0.540 0.057 0.824 14 14 5
0.164 0.077 0.302 0.150 0.839 0.792 0.134 0.225 0.891 0.079 0.560 0.540 0.057 0.824 14 14 5
0.164 0.077 0.302 0.150 0.839 0.792 0.134 0.225 0.891 0.079 0.560 0.540 0.057 0.824 14 14 5
0.164 0.077 0.302 0.150 0.839 0.792 0.134 0.225 0.891 0.079 0.560 0.540 0.057 0.824 14 14 5
0.164 0.077 0.302 0.150 0.839 0.792 0.134 0.225 0.891 0.079 0.560 0.540 0.057 0.824 14 14 5
0.279 1.000 0.670 0.376 0.753 0.711 0.723 0.592 0.819 0.704 0.627 0.837 0.481 0.889 15 15 4
0.279 1.000 0.670 0.376 0.753 0.711 0.723 0.592 0.819 0.704 0.627 0.837 0.481 0.889 15 15 4
0.265 0.927 0.679 0.315 0.724 0.641 0.594 0.517 0.799 0.662 0.523 0.815 0.323 0.751 15 15 4
0.211 0.946 0.683 0.332 0.740 0.658 0.587 0.544 0.807 0.521 0.580 0.822 0.157 0.821 15 15 4
0.200 1.000 0.683 0.362 0.732 0.598 0.704 0.558 0.704 0.717 0.674 0.888 0.690 0.888 15 15 4
0.123 0.835 0.664 0.419 0.628 0.538 0.488 0.328 0.690 0.378 0.485 0.808 0.305 0.553 15 15 4
0.211 0.955 0.674 0.424 0.742 0.703 0.757 0.567 0.784 0.767 0.582 0.853 0.647 0.790 15 15 4
0.151 0.689 0.623 0.121 0.533 0.462 0.355 0.284 0.534 0.199 0.369 0.775 0.156 0.376 15 15 4
0.202 0.800 0.679 0.385 0.728 0.654 0.616 0.575 0.788 0.606 0.620 0.851 0.252 0.818 15 15 4
0.247 0.751 0.675 0.385 0.725 0.675 0.677 0.567 0.778 0.726 0.535 0.848 0.445 0.812 15 15 4
0.258 0.240 0.234 0.125 0.311 0.766 0.785 0.507 0.762 0.891 0.489 0.815 0.752 0.801 16 16 7
0.258 0.240 0.234 0.125 0.311 0.766 0.785 0.507 0.762 0.891 0.489 0.815 0.752 0.801 16 16 7
0.258 0.240 0.234 0.125 0.311 0.766 0.785 0.507 0.762 0.891 0.489 0.815 0.752 0.801 16 16 7
0.232 0.151 0.192 0.151 0.135 0.814 0.806 0.570 0.756 0.897 0.497 0.821 0.777 0.870 16 16 7
0.232 0.151 0.192 0.151 0.135 0.814 0.806 0.570 0.756 0.897 0.497 0.821 0.777 0.870 16 16 7
0.232 0.151 0.192 0.151 0.135 0.814 0.806 0.570 0.756 0.897 0.497 0.821 0.777 0.870 16 16 7
0.232 0.151 0.192 0.151 0.135 0.814 0.806 0.570 0.756 0.897 0.497 0.821 0.777 0.870 16 16 7
0.232 0.151 0.192 0.151 0.135 0.814 0.806 0.570 0.756 0.897 0.497 0.821 0.777 0.870 16 16 7
0.232 0.151 0.192 0.151 0.135 0.814 0.806 0.570 0.756 0.897 0.497 0.821 0.777 0.870 16 16 7
0.232 0.151 0.192 0.151 0.135 0.814 0.806 0.570 0.756 0.897 0.497 0.821 0.777 0.870 16 16 7
0.232 0.151 0.192 0.151 0.135 0.814 0.806 0.570 0.756 0.897 0.497 0.821 0.777 0.870 16 17 9
0.232 0.151 0.192 0.151 0.135 0.814 0.806 0.570 0.756 0.897 0.497 0.821 0.777 0.870 16 17 9
0.146 0.554 0.708 0.116 0.076 0.565 0.232 0.346 0.131 0.937 0.589 0.861 0.494 0.924 17 17 9
0.146 0.554 0.708 0.116 0.076 0.565 0.232 0.346 0.131 0.937 0.589 0.861 0.494 0.924 17 17 9
0.146 0.554 0.708 0.116 0.076 0.565 0.232 0.346 0.131 0.937 0.589 0.861 0.494 0.924 17 17 9
0.146 0.554 0.708 0.116 0.076 0.565 0.232 0.346 0.131 0.937 0.589 0.861 0.494 0.924 17 17 9
0.205 0.266 0.721 0.205 0.047 0.526 0.486 0.355 0.142 0.957 0.487 0.882 0.664 0.869 17 17 9
0.166 0.678 0.746 0.187 0.045 0.534 0.388 0.364 0.327 0.888 0.404 0.870 0.426 0.767 17 17 9
0.166 0.678 0.746 0.187 0.045 0.534 0.388 0.364 0.327 0.888 0.404 0.870 0.426 0.767 17 17 9
0.166 0.678 0.746 0.187 0.045 0.534 0.388 0.364 0.327 0.888 0.404 0.870 0.426 0.767 17 17 9
0.168 0.234 0.691 0.131 0.074 0.069 0.204 0.356 0.135 0.929 0.498 0.888 0.540 0.867 18 18 9
0.243 0.202 0.720 0.119 0.049 0.200 0.669 0.318 0.308 0.959 0.533 0.864 0.805 0.894 18 18 9
0.243 0.202 0.720 0.119 0.049 0.200 0.669 0.318 0.308 0.959 0.533 0.864 0.805 0.894 18 18 9
0.243 0.202 0.720 0.119 0.049 0.200 0.669 0.318 0.308 0.959 0.533 0.864 0.805 0.894 18 18 9
0.092 0.211 0.770 0.101 0.067 0.076 0.593 0.187 0.379 0.952 0.389 0.873 0.783 0.825 18 18 9
0.092 0.211 0.770 0.101 0.067 0.076 0.593 0.187 0.379 0.952 0.389 0.873 0.783 0.825 18 18 9
0.092 0.211 0.770 0.101 0.067 0.076 0.593 0.187 0.379 0.952 0.389 0.873 0.783 0.825 18 18 9
0.092 0.211 0.770 0.101 0.067 0.076 0.593 0.187 0.379 0.952 0.389 0.873 0.783 0.825 18 18 9
0.092 0.211 0.770 0.101 0.067 0.076 0.593 0.187 0.379 0.952 0.389 0.873 0.783 0.825 18 18 9
0.092 0.211 0.770 0.101 0.067 0.076 0.593 0.187 0.379 0.952 0.389 0.873 0.783 0.825 18 18 9
0.103 0.197 0.660 0.055 0.221 0.930 0.157 0.233 0.361 0.734 0.268 0.777 0.582 0.678 19 19 9
0.103 0.197 0.660 0.055 0.221 0.930 0.157 0.233 0.361 0.734 0.268 0.777 0.582 0.678 19 19 9
0.058 0.536 0.733 0.161 0.165 0.916 0.278 0.295 0.224 0.940 0.444 0.833 0.757 0.928 19 19 9
0.059 0.543 0.745 0.213 0.169 0.892 0.262 0.282 0.246 0.942 0.409 0.815 0.700 0.805 19 19 9
0.059 0.543 0.745 0.213 0.169 0.892 0.262 0.282 0.246 0.942 0.409 0.815 0.700 0.805 19 19 9
0.059 0.543 0.745 0.213 0.169 0.892 0.262 0.282 0.246 0.942 0.409 0.815 0.700 0.805 19 19 9
0.059 0.543 0.745 0.213 0.169 0.892 0.262 0.282 0.246 0.942 0.409 0.815 0.700 0.805 19 19 9
0.059 0.543 0.745 0.213 0.169 0.892 0.262 0.282 0.246 0.942 0.409 0.815 0.700 0.805 19 19 9
0.059 0.543 0.745 0.213 0.169 0.892 0.262 0.282 0.246 0.942 0.409 0.815 0.700 0.805 19 19 9
0.059 0.543 0.745 0.213 0.169 0.892 0.262 0.282 0.246 0.942 0.409 0.815 0.700 0.805 19 19 9
0.262 0.269 0.606 0.139 0.331 0.711 0.677 0.623 0.598 0.911 0.462 0.793 0.803 0.886 20 20 10
0.196 0.696 0.644 0.173 0.570 0.674 0.666 0.643 0.645 0.837 0.492 0.810 0.704 0.923 20 20 10
0.196 0.696 0.644 0.173 0.570 0.674 0.666 0.643 0.645 0.837 0.492 0.810 0.704 0.923 20 20 10
0.196 0.696 0.644 0.173 0.570 0.674 0.666 0.643 0.645 0.837 0.492 0.810 0.704 0.923 20 20 10
0.196 0.696 0.644 0.173 0.570 0.674 0.666 0.643 0.645 0.837 0.492 0.810 0.704 0.923 20 20 10
0.196 0.696 0.644 0.173 0.570 0.674 0.666 0.643 0.645 0.837 0.492 0.810 0.704 0.923 20 20 10
0.196 0.696 0.644 0.173 0.570 0.674 0.666 0.643 0.645 0.837 0.492 0.810 0.704 0.923 20 20 10
0.196 0.696 0.644 0.173 0.570 0.674 0.666 0.643 0.645 0.837 0.492 0.810 0.704 0.923 20 20 10
0.196 0.696 0.644 0.173 0.570 0.674 0.666 0.643 0.645 0.837 0.492 0.810 0.704 0.923 20 20 10
0.196 0.696 0.644 0.173 0.570 0.674 0.666 0.643 0.645 0.837 0.492 0.810 0.704 0.923 20 20 10
0.275 0.344 0.621 0.465 0.246 0.571 0.555 0.312 0.689 0.492 0.357 0.788 0.260 0.435 21 21 10
0.279 0.197 0.673 0.361 0.270 0.513 0.561 0.285 0.688 0.631 0.321 0.806 0.489 0.374 21 21 10
0.279 0.197 0.673 0.361 0.270 0.513 0.561 0.285 0.688 0.631 0.321 0.806 0.489 0.374 21 21 10
0.279 0.197 0.673 0.361 0.270 0.513 0.561 0.285 0.688 0.631 0.321 0.806 0.489 0.374 21 21 10
0.279 0.197 0.673 0.361 0.270 0.513 0.561 0.285 0.688 0.631 0.321 0.806 0.489 0.374 21 21 10
0.279 0.197 0.673 0.361 0.270 0.513 0.561 0.285 0.688 0.631 0.321 0.806 0.489 0.374 21 21 10
0.279 0.197 0.673 0.361 0.270 0.513 0.561 0.285 0.688 0.631 0.321 0.806 0.489 0.374 21 21 10
0.279 0.197 0.673 0.361 0.270 0.513 0.561 0.285 0.688 0.631 0.321 0.806 0.489 0.374 21 21 10
0.270 0.171 0.650 0.373 0.292 0.512 0.562 0.281 0.680 0.584 0.309 0.803 0.339 0.317 21 21 10
0.270 0.171 0.650 0.373 0.292 0.512 0.562 0.281 0.680 0.584 0.309 0.803 0.339 0.317 21 21 10
0.136 0.069 0.314 0.021 0.081 0.464 0.185 0.179 0.691 0.088 0.101 0.645 0.093 0.288 22 22 3
0.136 0.069 0.314 0.021 0.081 0.464 0.185 0.179 0.691 0.088 0.101 0.645 0.093 0.288 22 22 3
0.136 0.069 0.314 0.021 0.081 0.464 0.185 0.179 0.691 0.088 0.101 0.645 0.093 0.288 22 22 3
0.136 0.069 0.314 0.021 0.081 0.464 0.185 0.179 0.691 0.088 0.101 0.645 0.093 0.288 22 22 3
0.136 0.069 0.314 0.021 0.081 0.464 0.185 0.179 0.691 0.088 0.101 0.645 0.093 0.288 22 22 3
0.136 0.069 0.314 0.021 0.081 0.464 0.185 0.179 0.691 0.088 0.101 0.645 0.093 0.288 22 22 3
0.136 0.069 0.314 0.021 0.081 0.464 0.185 0.179 0.691 0.088 0.101 0.645 0.093 0.288 22 22 3
0.136 0.069 0.314 0.021 0.081 0.464 0.185 0.179 0.691 0.088 0.101 0.645 0.093 0.288 22 22 3
0.136 0.069 0.314 0.021 0.081 0.464 0.185 0.179 0.691 0.088 0.101 0.645 0.093 0.288 22 22 3
0.136 0.069 0.314 0.021 0.081 0.464 0.185 0.179 0.691 0.088 0.101 0.645 0.093 0.288 22 22 3
0.158 0.165 0.371 0.711 0.937 0.622 0.742 0.643 0.842 0.840 0.424 0.772 0.520 0.206 23 23 1
0.158 0.165 0.371 0.711 0.937 0.622 0.742 0.643 0.842 0.840 0.424 0.772 0.520 0.206 23 23 1
0.158 0.165 0.371 0.711 0.937 0.622 0.742 0.643 0.842 0.840 0.424 0.772 0.520 0.206 23 23 1
0.158 0.165 0.371 0.711 0.937 0.622 0.742 0.643 0.842 0.840 0.424 0.772 0.520 0.206 23 23 1
0.123 0.117 0.180 0.592 0.965 0.613 0.639 0.658 0.831 0.632 0.404 0.692 0.249 0.156 23 23 1
0.123 0.117 0.180 0.592 0.965 0.613 0.639 0.658 0.831 0.632 0.404 0.692 0.249 0.156 23 23 1
0.123 0.117 0.180 0.592 0.965 0.613 0.639 0.658 0.831 0.632 0.404 0.692 0.249 0.156 23 23 1
0.123 0.117 0.180 0.592 0.965 0.613 0.639 0.658 0.831 0.632 0.404 0.692 0.249 0.156 23 23 1
0.123 0.117 0.180 0.592 0.965 0.613 0.639 0.658 0.831 0.632 0.404 0.692 0.249 0.156 23 23 1
0.123 0.117 0.180 0.592 0.965 0.613 0.639 0.658 0.831 0.632 0.404 0.692 0.249 0.156 23 23 1
0.144 0.444 0.750 0.391 0.795 0.566 0.471 0.572 0.542 0.673 0.689 0.888 0.462 0.939 24 24 4
0.144 0.444 0.750 0.391 0.795 0.566 0.471 0.572 0.542 0.673 0.689 0.888 0.462 0.939 24 24 4
0.144 0.444 0.750 0.391 0.795 0.566 0.471 0.572 0.542 0.673 0.689 0.888 0.462 0.939 24 24 4
0.144 0.444 0.750 0.391 0.795 0.566 0.471 0.572 0.542 0.673 0.689 0.888 0.462 0.939 24 24 4
0.144 0.444 0.750 0.391 0.795 0.566 0.471 0.572 0.542 0.673 0.689 0.888 0.462 0.939 24 24 4
0.144 0.444 0.750 0.391 0.795 0.566 0.471 0.572 0.542 0.673 0.689 0.888 0.462 0.939 24 24 4
0.144 0.444 0.750 0.391 0.795 0.566 0.471 0.572 0.542 0.673 0.689 0.888 0.462 0.939 24 24 4
0.144 0.444 0.750 0.391 0.795 0.566 0.471 0.572 0.542 0.673 0.689 0.888 0.462 0.939 24 24 4
0.144 0.444 0.750 0.391 0.795 0.566 0.471 0.572 0.542 0.673 0.689 0.888 0.462 0.939 24 24 4
0.144 0.444 0.750 0.391 0.795 0.566 0.471 0.572 0.542 0.673 0.689 0.888 0.462 0.939 24 24 4
0.254 0.184 0.727 0.214 0.788 0.417 0.284 0.168 0.688 0.273 0.193 0.725 0.038 0.405 25 25 11
0.254 0.184 0.727 0.214 0.788 0.417 0.284 0.168 0.688 0.273 0.193 0.725 0.038 0.405 25 25 11
0.212 0.147 0.754 0.355 0.322 0.681 0.343 0.160 0.873 0.247 0.150 0.679 0.031 0.244 25 25 11
0.212 0.147 0.754 0.355 0.322 0.681 0.343 0.160 0.873 0.247 0.150 0.679 0.031 0.244 25 25 11
0.212 0.147 0.754 0.355 0.322 0.681 0.343 0.160 0.873 0.247 0.150 0.679 0.031 0.244 25 25 11
0.212 0.147 0.754 0.355 0.322 0.681 0.343 0.160 0.873 0.247 0.150 0.679 0.031 0.244 25 25 11
0.212 0.147 0.754 0.355 0.322 0.681 0.343 0.160 0.873 0.247 0.150 0.679 0.031 0.244 25 25 11
0.212 0.147 0.754 0.355 0.322 0.681 0.343 0.160 0.873 0.247 0.150 0.679 0.031 0.244 25 25 11
0.212 0.147 0.754 0.355 0.322 0.681 0.343 0.160 0.873 0.247 0.150 0.679 0.031 0.244 25 25 11
0.212 0.147 0.754 0.355 0.322 0.681 0.343 0.160 0.873 0.247 0.150 0.679 0.031 0.244 25 25 11
0.124 0.228 0.343 0.688 0.968 0.712 0.727 0.658 0.864 0.866 0.550 0.899 0.778 0.937 26 26 1
0.124 0.228 0.343 0.688 0.968 0.712 0.727 0.658 0.864 0.866 0.550 0.899 0.778 0.937 26 26 1
0.124 0.228 0.343 0.688 0.968 0.712 0.727 0.658 0.864 0.866 0.550 0.899 0.778 0.937 26 26 1
0.124 0.228 0.343 0.688 0.968 0.712 0.727 0.658 0.864 0.866 0.550 0.899 0.778 0.937 26 26 1
0.124 0.228 0.343 0.688 0.968 0.712 0.727 0.658 0.864 0.866 0.550 0.899 0.778 0.937 26 26 1
0.124 0.228 0.343 0.688 0.968 0.712 0.727 0.658 0.864 0.866 0.550 0.899 0.778 0.937 26 26 1
0.124 0.228 0.343 0.688 0.968 0.712 0.727 0.658 0.864 0.866 0.550 0.899 0.778 0.937 26 26 1
0.124 0.228 0.343 0.688 0.968 0.712 0.727 0.658 0.864 0.866 0.550 0.899 0.778 0.937 26 26 1
0.124 0.228 0.343 0.688 0.968 0.712 0.727 0.658 0.864 0.866 0.550 0.899 0.778 0.937 26 26 1
0.124 0.228 0.343 0.688 0.968 0.712 0.727 0.658 0.864 0.866 0.550 0.899 0.778 0.937 26 26 1
0.267 0.120 0.581 0.092 0.251 0.510 0.599 0.372 0.844 0.690 0.424 0.873 0.719 0.907 27 27 10
0.267 0.120 0.581 0.092 0.251 0.510 0.599 0.372 0.844 0.690 0.424 0.873 0.719 0.907 27 27 10
0.267 0.120 0.581 0.092 0.251 0.510 0.599 0.372 0.844 0.690 0.424 0.873 0.719 0.907 27 27 10
0.267 0.120 0.581 0.092 0.251 0.510 0.599 0.372 0.844 0.690 0.424 0.873 0.719 0.907 27 27 10
0.267 0.120 0.581 0.092 0.251 0.510 0.599 0.372 0.844 0.690 0.424 0.873 0.719 0.907 27 27 10
0.256 0.190 0.585 0.057 0.345 0.513 0.549 0.360 0.785 0.402 0.396 0.839 0.282 0.721 27 27 10
0.256 0.190 0.585 0.057 0.345 0.513 0.549 0.360 0.785 0.402 0.396 0.839 0.282 0.721 27 27 10
0.256 0.190 0.585 0.057 0.345 0.513 0.549 0.360 0.785 0.402 0.396 0.839 0.282 0.721 27 27 10
0.256 0.190 0.585 0.057 0.345 0.513 0.549 0.360 0.785 0.402 0.396 0.839 0.282 0.721 27 27 10
0.256 0.190 0.585 0.057 0.345 0.513 0.549 0.360 0.785 0.402 0.396 0.839 0.282 0.721 27 27 10
0.134 0.198 0.530 0.106 0.123 0.584 0.296 0.208 0.815 0.342 0.150 0.726 0.131 0.466 28 28 3
0.134 0.198 0.530 0.106 0.123 0.584 0.296 0.208 0.815 0.342 0.150 0.726 0.131 0.466 28 28 3
0.134 0.198 0.530 0.106 0.123 0.584 0.296 0.208 0.815 0.342 0.150 0.726 0.131 0.466 28 28 3
0.134 0.198 0.530 0.106 0.123 0.584 0.296 0.208 0.815 0.342 0.150 0.726 0.131 0.466 28 28 3
0.134 0.198 0.530 0.106 0.123 0.584 0.296 0.208 0.815 0.342 0.150 0.726 0.131 0.466 28 28 3
0.134 0.198 0.530 0.106 0.123 0.584 0.296 0.208 0.815 0.342 0.150 0.726 0.131 0.466 28 28 3
0.134 0.198 0.530 0.106 0.123 0.584 0.296 0.208 0.815 0.342 0.150 0.726 0.131 0.466 28 28 3
0.134 0.198 0.530 0.106 0.123 0.584 0.296 0.208 0.815 0.342 0.150 0.726 0.131 0.466 28 28 3
0.134 0.198 0.530 0.106 0.123 0.584 0.296 0.208 0.815 0.342 0.150 0.726 0.131 0.466 28 28 3
0.134 0.198 0.530 0.106 0.123 0.584 0.296 0.208 0.815 0.342 0.150 0.726 0.131 0.466 28 28 3
0.270 0.321 0.529 0.387 0.644 0.560 0.298 0.404 0.772 0.098 0.395 0.803 0.050 0.241 29 29 11
0.270 0.321 0.529 0.387 0.644 0.560 0.298 0.404 0.772 0.098 0.395 0.803 0.050 0.241 29 29 11
0.270 0.321 0.529 0.387 0.644 0.560 0.298 0.404 0.772 0.098 0.395 0.803 0.050 0.241 29 29 11
0.270 0.321 0.529 0.387 0.644 0.560 0.298 0.404 0.772 0.098 0.395 0.803 0.050 0.241 29 29 11
0.270 0.321 0.529 0.387 0.644 0.560 0.298 0.404 0.772 0.098 0.395 0.803 0.050 0.241 29 29 11
0.270 0.321 0.529 0.387 0.644 0.560 0.298 0.404 0.772 0.098 0.395 0.803 0.050 0.241 29 29 11
0.270 0.321 0.529 0.387 0.644 0.560 0.298 0.404 0.772 0.098 0.395 0.803 0.050 0.241 29 29 11
0.270 0.321 0.529 0.387 0.644 0.560 0.298 0.404 0.772 0.098 0.395 0.803 0.050 0.241 29 29 11
0.270 0.321 0.529 0.387 0.644 0.560 0.298 0.404 0.772 0.098 0.395 0.803 0.050 0.241 29 29 11
0.270 0.321 0.529 0.387 0.644 0.560 0.298 0.404 0.772 0.098 0.395 0.803 0.050 0.241 29 29 11
0.286 0.317 0.623 0.078 0.234 0.493 0.336 0.416 0.826 0.208 0.421 0.813 0.093 0.597 30 30 8
0.286 0.317 0.623 0.078 0.234 0.493 0.336 0.416 0.826 0.208 0.421 0.813 0.093 0.597 30 30 8
0.286 0.317 0.623 0.078 0.234 0.493 0.336 0.416 0.826 0.208 0.421 0.813 0.093 0.597 30 30 8
0.286 0.317 0.623 0.078 0.234 0.493 0.336 0.416 0.826 0.208 0.421 0.813 0.093 0.597 30 30 8
0.286 0.317 0.623 0.078 0.234 0.493 0.336 0.416 0.826 0.208 0.421 0.813 0.093 0.597 30 30 8
0.286 0.317 0.623 0.078 0.234 0.493 0.336 0.416 0.826 0.208 0.421 0.813 0.093 0.597 30 30 8
0.286 0.317 0.623 0.078 0.234 0.493 0.336 0.416 0.826 0.208 0.421 0.813 0.093 0.597 30 30 8
0.246 0.280 0.491 0.275 0.080 0.995 0.448 0.388 0.869 0.331 0.386 0.841 0.113 0.390 30 30 8
0.246 0.280 0.491 0.275 0.080 0.995 0.448 0.388 0.869 0.331 0.386 0.841 0.113 0.390 30 30 8
0.246 0.280 0.491 0.275 0.080 0.995 0.448 0.388 0.869 0.331 0.386 0.841 0.113 0.390 30 30 8
0.254 0.184 0.508 0.211 0.312 0.628 0.477 0.663 0.849 0.672 0.638 0.746 0.629 0.948 31 31 10
0.254 0.184 0.508 0.211 0.312 0.628 0.477 0.663 0.849 0.672 0.638 0.746 0.629 0.948 31 31 10
0.254 0.184 0.508 0.211 0.312 0.628 0.477 0.663 0.849 0.672 0.638 0.746 0.629 0.948 31 31 10
0.254 0.184 0.508 0.211 0.312 0.628 0.477 0.663 0.849 0.672 0.638 0.746 0.629 0.948 31 31 10
0.254 0.184 0.508 0.211 0.312 0.628 0.477 0.663 0.849 0.672 0.638 0.746 0.629 0.948 31 31 10
0.254 0.184 0.508 0.211 0.312 0.628 0.477 0.663 0.849 0.672 0.638 0.746 0.629 0.948 31 31 10
0.254 0.184 0.508 0.211 0.312 0.628 0.477 0.663 0.849 0.672 0.638 0.746 0.629 0.948 31 31 10
0.254 0.184 0.508 0.211 0.312 0.628 0.477 0.663 0.849 0.672 0.638 0.746 0.629 0.948 31 31 10
0.254 0.184 0.508 0.211 0.312 0.628 0.477 0.663 0.849 0.672 0.638 0.746 0.629 0.948 31 31 10
0.254 0.184 0.508 0.211 0.312 0.628 0.477 0.663 0.849 0.672 0.638 0.746 0.629 0.948 31 31 10
0.287 0.112 0.520 0.205 0.376 0.542 0.544 0.338 0.813 0.648 0.369 0.902 0.452 0.529 32 32 10
0.261 0.269 0.547 0.275 0.518 0.562 0.638 0.363 0.813 0.687 0.352 0.884 0.497 0.403 32 32 10
0.261 0.269 0.547 0.275 0.518 0.562 0.638 0.363 0.813 0.687 0.352 0.884 0.497 0.403 32 32 10
0.261 0.269 0.547 0.275 0.518 0.562 0.638 0.363 0.813 0.687 0.352 0.884 0.497 0.403 32 32 10
0.261 0.269 0.547 0.275 0.518 0.562 0.638 0.363 0.813 0.687 0.352 0.884 0.497 0.403 32 32 10
0.224 0.076 0.545 0.431 0.091 0.571 0.693 0.305 0.799 0.799 0.230 0.873 0.571 0.290 32 32 10
0.224 0.076 0.545 0.431 0.091 0.571 0.693 0.305 0.799 0.799 0.230 0.873 0.571 0.290 32 32 10
0.224 0.076 0.545 0.431 0.091 0.571 0.693 0.305 0.799 0.799 0.230 0.873 0.571 0.290 32 32 10
0.224 0.076 0.545 0.431 0.091 0.571 0.693 0.305 0.799 0.799 0.230 0.873 0.571 0.290 32 32 10
0.224 0.076 0.545 0.431 0.091 0.571 0.693 0.305 0.799 0.799 0.230 0.873 0.571 0.290 32 32 10
0.224 0.076 0.545 0.431 0.091 0.571 0.693 0.305 0.799 0.799 0.230 0.873 0.571 0.290 33 33 3
0.224 0.076 0.545 0.431 0.091 0.571 0.693 0.305 0.799 0.799 0.230 0.873 0.571 0.290 33 33 3
0.224 0.076 0.545 0.431 0.091 0.571 0.693 0.305 0.799 0.799 0.230 0.873 0.571 0.290 33 33 3
0.224 0.076 0.545 0.431 0.091 0.571 0.693 0.305 0.799 0.799 0.230 0.873 0.571 0.290 33 33 3
0.224 0.076 0.545 0.431 0.091 0.571 0.693 0.305 0.799 0.799 0.230 0.873 0.571 0.290 33 33 3
0.224 0.076 0.545 0.431 0.091 0.571 0.693 0.305 0.799 0.799 0.230 0.873 0.571 0.290 33 33 3
0.224 0.076 0.545 0.431 0.091 0.571 0.693 0.305 0.799 0.799 0.230 0.873 0.571 0.290 33 33 3
0.224 0.076 0.545 0.431 0.091 0.571 0.693 0.305 0.799 0.799 0.230 0.873 0.571 0.290 33 33 3
0.224 0.076 0.545 0.431 0.091 0.571 0.693 0.305 0.799 0.799 0.230 0.873 0.571 0.290 33 33 3
0.224 0.076 0.545 0.431 0.091 0.571 0.693 0.305 0.799 0.799 0.230 0.873 0.571 0.290 33 33 3
0.199 0.287 0.660 0.142 0.461 0.264 0.222 0.326 0.233 0.312 0.390 0.877 0.134 0.522 34 34 12
0.199 0.287 0.660 0.142 0.461 0.264 0.222 0.326 0.233 0.312 0.390 0.877 0.134 0.522 34 34 12
0.199 0.287 0.660 0.142 0.461 0.264 0.222 0.326 0.233 0.312 0.390 0.877 0.134 0.522 34 34 12
0.199 0.287 0.660 0.142 0.461 0.264 0.222 0.326 0.233 0.312 0.390 0.877 0.134 0.522 34 34 12
0.199 0.287 0.660 0.142 0.461 0.264 0.222 0.326 0.233 0.312 0.390 0.877 0.134 0.522 34 34 12
0.199 0.287 0.660 0.142 0.461 0.264 0.222 0.326 0.233 0.312 0.390 0.877 0.134 0.522 34 34 12
0.199 0.287 0.660 0.142 0.461 0.264 0.222 0.326 0.233 0.312 0.390 0.877 0.134 0.522 34 34 12
0.199 0.287 0.660 0.142 0.461 0.264 0.222 0.326 0.233 0.312 0.390 0.877 0.134 0.522 34 34 12
0.199 0.287 0.660 0.142 0.461 0.264 0.222 0.326 0.233 0.312 0.390 0.877 0.134 0.522 34 34 12
0.199 0.287 0.660 0.142 0.461 0.264 0.222 0.326 0.233 0.312 0.390 0.877 0.134 0.522 34 34 12
0.202 0.152 0.483 0.174 0.522 0.477 0.167 0.381 0.610 0.094 0.390 0.746 0.066 0.258 35 35 2
0.202 0.152 0.483 0.174 0.522 0.477 0.167 0.381 0.610 0.094 0.390 0.746 0.066 0.258 35 35 2
0.202 0.152 0.483 0.174 0.522 0.477 0.167 0.381 0.610 0.094 0.390 0.746 0.066 0.258 35 35 2
0.202 0.152 0.483 0.174 0.522 0.477 0.167 0.381 0.610 0.094 0.390 0.746 0.066 0.258 35 35 2
0.202 0.152 0.483 0.174 0.522 0.477 0.167 0.381 0.610 0.094 0.390 0.746 0.066 0.258 35 35 2
0.202 0.152 0.483 0.174 0.522 0.477 0.167 0.381 0.610 0.094 0.390 0.746 0.066 0.258 35 35 2
0.202 0.152 0.483 0.174 0.522 0.477 0.167 0.381 0.610 0.094 0.390 0.746 0.066 0.258 35 35 2
0.129 0.281 0.435 0.170 0.572 0.468 0.247 0.354 0.503 0.170 0.412 0.415 0.132 0.216 35 35 2
0.129 0.281 0.435 0.170 0.572 0.468 0.247 0.354 0.503 0.170 0.412 0.415 0.132 0.216 35 35 2
0.129 0.281 0.435 0.170 0.572 0.468 0.247 0.354 0.503 0.170 0.412 0.415 0.132 0.216 35 35 2
0.173 0.487 0.470 0.162 0.628 0.126 0.206 0.407 0.355 0.089 0.404 0.342 0.166 0.417 36 36 2
0.173 0.487 0.470 0.162 0.628 0.126 0.206 0.407 0.355 0.089 0.404 0.342 0.166 0.417 36 36 2
0.173 0.487 0.470 0.162 0.628 0.126 0.206 0.407 0.355 0.089 0.404 0.342 0.166 0.417 36 36 2
0.173 0.487 0.470 0.162 0.628 0.126 0.206 0.407 0.355 0.089 0.404 0.342 0.166 0.417 36 36 2
0.173 0.487 0.470 0.162 0.628 0.126 0.206 0.407 0.355 0.089 0.404 0.342 0.166 0.417 36 36 2
0.173 0.487 0.470 0.162 0.628 0.126 0.206 0.407 0.355 0.089 0.404 0.342 0.166 0.417 36 36 2
0.173 0.487 0.470 0.162 0.628 0.126 0.206 0.407 0.355 0.089 0.404 0.342 0.166 0.417 36 36 2
0.200 0.388 0.461 0.093 0.673 0.410 0.142 0.375 0.558 0.067 0.420 0.674 0.119 0.451 36 36 2
0.200 0.388 0.461 0.093 0.673 0.410 0.142 0.375 0.558 0.067 0.420 0.674 0.119 0.451 36 36 2
0.200 0.388 0.461 0.093 0.673 0.410 0.142 0.375 0.558 0.067 0.420 0.674 0.119 0.451 36 36 2
0.166 0.079 0.211 0.018 0.145 0.382 0.114 0.179 0.621 0.027 0.152 0.654 0.038 0.274 37 37 2
0.166 0.079 0.211 0.018 0.145 0.382 0.114 0.179 0.621 0.027 0.152 0.654 0.038 0.274 37 37 2
0.166 0.079 0.211 0.018 0.145 0.382 0.114 0.179 0.621 0.027 0.152 0.654 0.038 0.274 37 37 2
0.166 0.079 0.211 0.018 0.145 0.382 0.114 0.179 0.621 0.027 0.152 0.654 0.038 0.274 37 37 2
0.166 0.079 0.211 0.018 0.145 0.382 0.114 0.179 0.621 0.027 0.152 0.654 0.038 0.274 37 37 2
0.166 0.079 0.211 0.018 0.145 0.382 0.114 0.179 0.621 0.027 0.152 0.654 0.038 0.274 37 37 2
0.166 0.079 0.211 0.018 0.145 0.382 0.114 0.179 0.621 0.027 0.152 0.654 0.038 0.274 37 37 2
0.166 0.079 0.211 0.018 0.145 0.382 0.114 0.179 0.621 0.027 0.152 0.654 0.038 0.274 37 37 2
0.166 0.079 0.211 0.018 0.145 0.382 0.114 0.179 0.621 0.027 0.152 0.654 0.038 0.274 37 37 2
0.166 0.079 0.211 0.018 0.145 0.382 0.114 0.179 0.621 0.027 0.152 0.654 0.038 0.274 37 37 2
0.203 0.106 0.587 0.246 0.354 0.465 0.306 0.232 0.645 0.200 0.186 0.697 0.070 0.168 38 38 11
0.203 0.106 0.587 0.246 0.354 0.465 0.306 0.232 0.645 0.200 0.186 0.697 0.070 0.168 38 38 11
0.203 0.106 0.587 0.246 0.354 0.465 0.306 0.232 0.645 0.200 0.186 0.697 0.070 0.168 38 38 11
0.203 0.106 0.587 0.246 0.354 0.465 0.306 0.232 0.645 0.200 0.186 0.697 0.070 0.168 38 38 11
0.167 0.327 0.539 0.346 0.653 0.290 0.139 0.371 0.478 0.072 0.240 0.710 0.088 0.143 38 38 11
0.167 0.327 0.539 0.346 0.653 0.290 0.139 0.371 0.478 0.072 0.240 0.710 0.088 0.143 38 38 11
0.167 0.327 0.539 0.346 0.653 0.290 0.139 0.371 0.478 0.072 0.240 0.710 0.088 0.143 38 38 11
0.167 0.327 0.539 0.346 0.653 0.290 0.139 0.371 0.478 0.072 0.240 0.710 0.088 0.143 38 38 11
0.167 0.327 0.539 0.346 0.653 0.290 0.139 0.371 0.478 0.072 0.240 0.710 0.088 0.143 38 38 11
0.167 0.327 0.539 0.346 0.653 0.290 0.139 0.371 0.478 0.072 0.240 0.710 0.088 0.143 38 38 11
0.192 0.034 0.505 0.177 0.115 0.694 0.215 0.258 0.289 0.904 0.437 0.819 0.645 0.858 39 39 7
0.192 0.034 0.505 0.177 0.115 0.694 0.215 0.258 0.289 0.904 0.437 0.819 0.645 0.858 39 39 7
0.192 0.034 0.505 0.177 0.115 0.694 0.215 0.258 0.289 0.904 0.437 0.819 0.645 0.858 39 39 7
0.192 0.034 0.505 0.177 0.115 0.694 0.215 0.258 0.289 0.904 0.437 0.819 0.645 0.858 39 39 7
0.192 0.034 0.505 0.177 0.115 0.694 0.215 0.258 0.289 0.904 0.437 0.819 0.645 0.858 39 39 7
0.192 0.034 0.505 0.177 0.115 0.694 0.215 0.258 0.289 0.904 0.437 0.819 0.645 0.858 39 39 7
0.192 0.034 0.505 0.177 0.115 0.694 0.215 0.258 0.289 0.904 0.437 0.819 0.645 0.858 39 39 7
0.095 0.064 0.089 0.161 0.063 0.568 0.247 0.288 0.248 0.973 0.545 0.813 0.840 0.955 39 39 7
0.142 0.137 0.216 0.110 0.106 0.511 0.159 0.289 0.235 0.922 0.481 0.830 0.648 0.950 39 39 7
0.142 0.137 0.216 0.110 0.106 0.511 0.159 0.289 0.235 0.922 0.481 0.830 0.648 0.950 39 39 7
0.158 0.132 0.213 0.119 0.066 0.729 0.489 0.291 0.916 0.429 0.096 0.647 0.100 0.476 40 40 3
0.099 0.094 0.297 0.122 0.056 0.904 0.131 0.352 0.736 0.078 0.172 0.832 0.019 0.240 40 40 3
0.099 0.094 0.297 0.122 0.056 0.904 0.131 0.352 0.736 0.078 0.172 0.832 0.019 0.240 40 40 3
0.099 0.094 0.297 0.122 0.056 0.904 0.131 0.352 0.736 0.078 0.172 0.832 0.019 0.240 40 40 3
0.099 0.094 0.297 0.122 0.056 0.904 0.131 0.352 0.736 0.078 0.172 0.832 0.019 0.240 40 40 3
0.099 0.094 0.297 0.122 0.056 0.904 0.131 0.352 0.736 0.078 0.172 0.832 0.019 0.240 40 40 3
0.099 0.094 0.297 0.122 0.056 0.904 0.131 0.352 0.736 0.078 0.172 0.832 0.019 0.240 40 40 3
0.099 0.094 0.297 0.122 0.056 0.904 0.131 0.352 0.736 0.078 0.172 0.832 0.019 0.240 40 40 3
0.099 0.094 0.297 0.122 0.056 0.904 0.131 0.352 0.736 0.078 0.172 0.832 0.019 0.240 40 40 3
0.099 0.094 0.297 0.122 0.056 0.904 0.131 0.352 0.736 0.078 0.172 0.832 0.019 0.240 40 40 3
0.152 0.148 0.443 0.237 0.064 0.584 0.449 0.309 0.765 0.423 0.202 0.714 0.155 0.243 41 41 12
0.152 0.148 0.443 0.237 0.064 0.584 0.449 0.309 0.765 0.423 0.202 0.714 0.155 0.243 41 41 12
0.152 0.148 0.443 0.237 0.064 0.584 0.449 0.309 0.765 0.423 0.202 0.714 0.155 0.243 41 41 12
0.152 0.148 0.443 0.237 0.064 0.584 0.449 0.309 0.765 0.423 0.202 0.714 0.155 0.243 41 41 12
0.152 0.148 0.443 0.237 0.064 0.584 0.449 0.309 0.765 0.423 0.202 0.714 0.155 0.243 41 41 12
0.152 0.148 0.443 0.237 0.064 0.584 0.449 0.309 0.765 0.423 0.202 0.714 0.155 0.243 41 41 12
0.152 0.148 0.443 0.237 0.064 0.584 0.449 0.309 0.765 0.423 0.202 0.714 0.155 0.243 41 41 12
0.152 0.148 0.443 0.237 0.064 0.584 0.449 0.309 0.765 0.423 0.202 0.714 0.155 0.243 41 41 12
0.152 0.148 0.443 0.237 0.064 0.584 0.449 0.309 0.765 0.423 0.202 0.714 0.155 0.243 41 41 12
0.152 0.148 0.443 0.237 0.064 0.584 0.449 0.309 0.765 0.423 0.202 0.714 0.155 0.243 41 41 12
