0.168539 0.262905 0.359259 0.460201 0.141988 0.160428 0.287070 0.083736 0.123153 0.557940 0.709122 0.204545 0.473815 0.606534 0
0.230337 0.276110 0.185185 0.575480 0.114943 0.272727 0.366548 0.143317 0.169130 0.665236 0.765921 0.190909 0.662510 0.589489 0
0.247191 0.273709 0.192593 0.563586 0.114266 0.272727 0.367734 0.139560 0.172414 0.682403 0.748709 0.181818 0.660848 0.580256 0
0.078652 0.301321 0.262963 0.573650 0.106829 0.417112 0.348754 0.162104 0.213465 0.738197 0.771084 0.204545 0.759767 0.609375 0
0.010417 0.291717 0.476190 0.628545 0.097363 0.363636 0.315540 0.127751 0.231527 0.460658 0.889845 0.236364 0.681629 0.583807 0
0.161458 0.304922 0.263736 0.533394 0.113590 0.272727 0.272835 0.135266 0.155993 0.635193 0.722892 0.177273 0.588529 0.546875 0
0.083333 0.314526 0.336996 0.489478 0.108181 0.245989 0.270463 0.145464 0.139573 0.735336 0.662651 0.159091 0.663342 0.570312 0
0.093750 0.310924 0.326007 0.490393 0.106153 0.245989 0.274021 0.142780 0.146141 0.741059 0.671256 0.168182 0.670823 0.571733 0
0.010363 0.334934 0.388278 0.445563 0.088573 0.374332 0.230130 0.138486 0.193760 0.660944 0.681583 0.195455 0.681629 0.548295 0
0.015544 0.328932 0.373626 0.441903 0.089249 0.358289 0.233689 0.133655 0.198686 0.662375 0.683305 0.195455 0.684123 0.549006 0
0.450777 0.189676 0.040293 0.720037 0.075727 0.358289 0.393832 0.149222 0.604269 0.512160 0.185886 0.454545 0.251039 0.124290 1
0.445596 0.190876 0.032967 0.714547 0.075727 0.363636 0.383155 0.149758 0.599343 0.507868 0.182444 0.454545 0.254364 0.128551 1
0.440415 0.190876 0.032967 0.714547 0.077079 0.363636 0.377224 0.149222 0.600985 0.512160 0.177281 0.454545 0.261845 0.127841 1
0.424870 0.171669 0.084249 0.711802 0.069642 0.454545 0.442467 0.149222 0.538588 0.546495 0.172117 0.368182 0.369909 0.253551 1
0.419689 0.172869 0.080586 0.710887 0.069642 0.438503 0.440095 0.149222 0.536946 0.545064 0.173838 0.368182 0.371571 0.254972 1
0.414508 0.171669 0.076923 0.713632 0.070994 0.427807 0.442467 0.148148 0.536946 0.547926 0.172117 0.363636 0.379052 0.257102 1
0.398964 0.172869 0.076923 0.713632 0.081812 0.368984 0.487544 0.147611 0.525452 0.579399 0.153184 0.372727 0.299252 0.218040 1
0.398964 0.172869 0.073260 0.703568 0.081136 0.379679 0.476868 0.147075 0.522168 0.566524 0.151463 0.359091 0.290108 0.218040 1
0.398964 0.174070 0.073260 0.696249 0.080460 0.374332 0.466192 0.146538 0.520525 0.562232 0.151463 0.363636 0.290108 0.219460 1
0.398964 0.168067 0.080586 0.692589 0.073022 0.417112 0.518387 0.150832 0.541872 0.560801 0.156627 0.377273 0.329177 0.176847 1
0.595855 0.230492 0.124542 0.294602 0.463151 0.304813 0.161329 0.173376 0.553366 0.068670 0.089501 0.186364 0.238570 0.093750 2
0.590674 0.231693 0.120879 0.293687 0.465855 0.304813 0.162515 0.172840 0.555008 0.068670 0.091222 0.186364 0.238570 0.093040 2
0.595855 0.231693 0.117216 0.290942 0.467208 0.326203 0.161329 0.171766 0.558292 0.070100 0.094664 0.200000 0.233583 0.088778 2
0.601036 0.204082 0.128205 0.335773 0.548343 0.267380 0.158956 0.179817 0.502463 0.072961 0.166954 0.190909 0.086451 0.115057 2
0.611399 0.206483 0.131868 0.347667 0.547667 0.272727 0.160142 0.178744 0.499179 0.075823 0.168675 0.172727 0.089776 0.107955 2
0.611399 0.208884 0.135531 0.349497 0.549020 0.272727 0.160142 0.176060 0.495895 0.072961 0.165232 0.172727 0.089776 0.105824 2
0.559586 0.186074 0.131868 0.289113 0.410412 0.171123 0.179122 0.089104 0.543514 0.065808 0.063683 0.190909 0.266833 0.085938 2
0.564767 0.186074 0.135531 0.287283 0.418526 0.181818 0.181495 0.086957 0.550082 0.065808 0.063683 0.186364 0.253533 0.085227 2
0.564767 0.187275 0.128205 0.292772 0.416498 0.187166 0.183867 0.086957 0.556650 0.070100 0.065404 0.190909 0.241895 0.085938 2
0.564767 0.186074 0.128205 0.294602 0.416498 0.187166 0.185053 0.086957 0.550082 0.068670 0.061962 0.195455 0.229426 0.084517 2
0.367876 0.044365 0.223443 0.588289 0.084517 0.604278 0.673784 0.791197 0.449918 0.783977 0.638554 0.259091 0.558603 0.705256 3
0.373057 0.033573 0.234432 0.593779 0.079108 0.604278 0.679715 0.790660 0.451560 0.785408 0.638554 0.254545 0.560266 0.705966 3
0.367876 0.025180 0.227106 0.593779 0.075727 0.614973 0.678529 0.791197 0.453202 0.781116 0.638554 0.259091 0.561097 0.706676 3
0.388601 0.038857 0.161172 0.623971 0.037863 0.502674 0.685646 0.826624 0.426929 0.623748 0.731497 0.259091 0.546966 0.740057 3
0.388601 0.037714 0.172161 0.625801 0.033130 0.529412 0.689205 0.827160 0.426929 0.620887 0.731497 0.263636 0.547797 0.740767 3
0.383420 0.036571 0.164835 0.626715 0.031102 0.534759 0.689205 0.827697 0.426929 0.620887 0.733219 0.263636 0.547797 0.740767 3
0.455399 0.028571 0.146520 0.618481 0.015551 0.454545 0.666667 0.856683 0.387521 0.516452 0.817556 0.240909 0.580216 0.889915 3
0.450704 0.028571 0.142857 0.623971 0.014875 0.454545 0.669039 0.857220 0.389163 0.515021 0.815835 0.236364 0.581047 0.889915 3
0.455399 0.027429 0.142857 0.625801 0.014199 0.459893 0.671412 0.857220 0.390805 0.515021 0.817556 0.236364 0.582710 0.891335 3
0.399061 0.035429 0.139194 0.688015 0.007437 0.385027 0.725979 0.871712 0.415435 0.494993 0.772806 0.213636 0.566916 0.962358 3
