0.088435 0.306099 0.398438 0.761126 0.027170 0.467391 0.436782 0.070872 0.153420 0.793893 0.662338 0.301724 0.776173 0.657555 0
0.086168 0.303797 0.382812 0.759310 0.026508 0.461957 0.436782 0.068746 0.164510 0.793893 0.658627 0.284483 0.781588 0.655277 0
0.086168 0.301496 0.382812 0.765668 0.023857 0.472826 0.445722 0.066619 0.171904 0.790840 0.658627 0.318966 0.786101 0.651481 0
0.086168 0.299194 0.375000 0.772025 0.023194 0.467391 0.450830 0.063785 0.179298 0.784733 0.658627 0.310345 0.792419 0.649962 0
0.106576 0.337169 0.507812 0.666667 0.016567 0.641304 0.484036 0.080986 0.099815 0.890076 0.567718 0.206897 0.701264 0.635606 0
0.104308 0.332566 0.492188 0.662125 0.012591 0.646739 0.487867 0.079577 0.103512 0.887023 0.571429 0.215517 0.704874 0.637121 0
0.102041 0.331415 0.468750 0.664850 0.007952 0.646739 0.492976 0.078169 0.109057 0.883969 0.569573 0.232759 0.708484 0.627273 0
0.102041 0.325662 0.460938 0.673025 0.070441 0.364130 0.459770 0.083392 0.188540 0.745038 0.621521 0.344828 0.757220 0.662879 0
0.104308 0.324511 0.453125 0.676658 0.069124 0.364130 0.462324 0.079888 0.199630 0.743511 0.617811 0.344828 0.765343 0.657576 0
0.102041 0.324511 0.453125 0.673933 0.069124 0.358696 0.458493 0.079187 0.203327 0.743511 0.617811 0.344828 0.768051 0.655303 0
0.197279 0.210587 0.030303 0.799273 0.058591 0.369565 0.503193 0.000000 0.678373 0.545038 0.027829 0.745902 0.342058 0.162879 1
0.192744 0.209436 0.037879 0.797457 0.056616 0.358696 0.503193 0.000000 0.676525 0.546565 0.029685 0.737705 0.343863 0.163636 1
0.190476 0.208285 0.053030 0.796549 0.056616 0.353261 0.500639 0.000687 0.678373 0.545038 0.027829 0.729508 0.341155 0.162879 1
0.170068 0.202532 0.075758 0.817439 0.052008 0.364130 0.609195 0.036462 0.587800 0.601527 0.027523 0.663934 0.452166 0.181061 1
0.165533 0.201381 0.068182 0.814714 0.052666 0.358696 0.605364 0.037137 0.582255 0.596947 0.027523 0.655738 0.455776 0.181061 1
0.167800 0.200230 0.083333 0.812897 0.052008 0.358696 0.600255 0.037137 0.585952 0.596947 0.025688 0.655738 0.457581 0.180303 1
0.183673 0.215190 0.143939 0.817439 0.044108 0.375000 0.646232 0.059721 0.569316 0.673282 0.075704 0.645161 0.543321 0.147727 1
0.183673 0.216341 0.143939 0.809264 0.044766 0.375000 0.627075 0.059058 0.569316 0.661069 0.073944 0.645161 0.538809 0.148485 1
0.181406 0.214039 0.136364 0.802906 0.042791 0.380435 0.610473 0.058394 0.569316 0.651908 0.072183 0.637097 0.527076 0.148485 1
0.181406 0.215190 0.128788 0.800182 0.044108 0.380435 0.604087 0.058394 0.569316 0.645802 0.072183 0.637097 0.527076 0.150000 1
0.172336 0.226697 0.265152 0.458674 0.355497 0.375000 0.200511 0.035169 0.687616 0.134351 0.089789 0.491935 0.228339 0.048012 2
0.170068 0.226697 0.272727 0.462307 0.354180 0.375000 0.201788 0.034506 0.685767 0.135878 0.091549 0.491935 0.222022 0.046512 2
0.167800 0.226697 0.272727 0.467757 0.352205 0.364130 0.203065 0.034506 0.685767 0.137405 0.095070 0.508065 0.217509 0.045011 2
0.199546 0.247411 0.257576 0.388737 0.354839 0.197861 0.127714 0.103517 0.650647 0.079389 0.026408 0.241935 0.196751 0.030758 2
0.197279 0.246260 0.257576 0.386921 0.353522 0.197861 0.130268 0.096218 0.659889 0.079389 0.026408 0.258065 0.194043 0.029257 2
0.197279 0.246260 0.265152 0.386013 0.352864 0.203209 0.132822 0.092900 0.663586 0.085496 0.026408 0.266129 0.195848 0.028507 2
0.158730 0.192175 0.159091 0.381471 0.317972 0.267380 0.139208 0.079628 0.711645 0.088550 0.036972 0.290323 0.134477 0.024756 2
0.160998 0.193326 0.159091 0.378747 0.318631 0.272727 0.139208 0.078301 0.715342 0.091603 0.036972 0.306452 0.135379 0.021755 2
0.160998 0.191024 0.159091 0.377838 0.333114 0.278075 0.135377 0.082946 0.715342 0.090076 0.038732 0.322581 0.134477 0.020255 2
0.165533 0.194476 0.159091 0.376930 0.330481 0.278075 0.137931 0.082283 0.719039 0.094656 0.036972 0.330645 0.135379 0.019505 2
0.147392 0.033372 0.310606 0.875568 0.016636 0.491979 0.956577 0.948966 0.536044 0.581679 0.718310 0.443548 0.576715 0.946737 3
0.147392 0.033372 0.318182 0.871026 0.014787 0.491979 0.945083 0.950258 0.537893 0.574046 0.720070 0.459677 0.577617 0.945236 3
0.147392 0.031070 0.310606 0.865577 0.014787 0.497326 0.928480 0.952196 0.536044 0.561832 0.721831 0.451613 0.577617 0.939985 3
0.156463 0.116226 0.219697 0.492280 0.003081 0.255102 0.569604 0.951550 0.480592 0.363359 0.846831 0.387097 0.536101 0.984996 3
0.154195 0.101266 0.219697 0.492280 0.004313 0.265306 0.567050 0.951550 0.480592 0.360305 0.839789 0.387097 0.536101 0.982746 3
0.149660 0.094361 0.219697 0.496821 0.008010 0.301020 0.567050 0.952196 0.478743 0.358779 0.841549 0.387097 0.537004 0.980495 3
0.142857 0.086659 0.212121 0.506812 0.016615 0.255102 0.554278 0.952196 0.480592 0.357252 0.734155 0.395161 0.532491 0.990248 3
0.147392 0.070696 0.204545 0.468665 0.019077 0.244898 0.527458 0.952842 0.482440 0.349618 0.728873 0.411290 0.526173 0.990998 3
0.145125 0.064994 0.196970 0.474114 0.017231 0.255102 0.527458 0.953488 0.476895 0.348092 0.730634 0.403226 0.526173 0.990248 3
0.136054 0.013683 0.212121 0.497729 0.010462 0.321429 0.533844 0.954134 0.476895 0.345038 0.730634 0.411290 0.532491 0.985746 3
