1	0.472868	0.639799	0.588435	1.000000	0.680734	1.000000	0.547170	0.697087	1.000000	0.790965	0.489708	0.265537	1.000000	1.000000	
1	0.310078	0.536524	1.000000	1.000000	0.885015	1.000000	0.608491	0.745631	1.000000	0.862175	0.518868	0.350283	1.000000	1.000000	
1	0.372093	0.619647	0.585034	1.000000	0.681346	0.949602	0.562500	0.638835	1.000000	0.858346	0.413379	0.333333	1.000000	1.000000	
1	0.279070	0.584383	0.948980	1.000000	0.880122	1.000000	0.551887	0.721359	1.000000	0.686064	0.424528	0.316384	0.949153	1.000000	
1	0.286822	0.405542	1.000000	1.000000	0.937615	1.000000	0.562500	0.790291	0.984000	0.699847	0.415094	0.372881	0.969868	1.000000	
1	0.279070	0.795970	0.829932	1.000000	0.901529	1.000000	0.620283	0.666990	1.000000	0.882083	0.451115	0.480226	0.950094	1.000000	
1	0.503876	0.539043	0.782313	0.882609	0.916820	1.000000	0.837264	0.651456	1.000000	0.957887	0.476844	0.525424	0.927495	1.000000	
1	0.410853	0.501259	1.000000	0.295652	0.983486	1.000000	0.689859	0.638835	1.000000	0.943339	0.519726	0.576271	0.848399	1.000000	
1	0.534884	0.571788	0.959184	0.165217	1.000000	1.000000	0.702830	0.648544	1.000000	0.936447	0.512865	0.564972	0.828625	1.000000	
1	0.395349	0.486146	1.000000	0.517391	0.979205	1.000000	0.698113	0.645631	1.000000	0.970138	0.506861	0.564972	0.889831	1.000000	
2	0.077519	0.465995	0.404762	0.817391	0.973089	0.732096	0.599057	1.000000	0.792000	0.766463	0.571184	0.316384	0.858757	0.935055	
2	0.077519	0.498741	0.343537	0.813044	0.983486	0.745358	0.602594	1.000000	0.788000	0.774119	0.631218	0.418079	0.891714	1.000000	
2	0.062016	0.249370	0.163265	0.917391	0.974312	0.745358	0.649764	1.000000	0.816000	0.816999	0.638937	0.446328	0.885122	1.000000	
2	0.100775	0.465995	0.275510	0.873913	0.974924	0.732096	0.674528	1.000000	0.816000	0.859112	0.655232	0.440678	0.957627	1.000000	
2	0.193799	0.000000	0.309524	1.000000	0.998777	0.803714	0.586085	1.000000	0.800000	0.732772	0.715266	0.361582	0.910546	1.000000	
2	0.193799	0.720403	0.513605	0.786957	0.934557	0.803714	0.591981	1.000000	0.800000	0.696018	0.742710	0.163842	0.758004	0.980074	
2	0.000000	0.219144	0.333333	0.908696	0.985933	0.798409	0.650943	1.000000	0.796000	0.716692	0.782161	0.531074	0.919021	1.000000	
2	0.457364	0.581864	0.442177	0.778261	1.000000	0.787798	0.557783	1.000000	0.808000	0.649311	0.891938	0.225989	0.815443	1.000000	
2	0.023256	0.133501	0.285714	0.847826	0.993884	0.763926	0.528302	1.000000	0.776000	0.595712	0.948542	0.152542	0.743880	1.000000	
2	0.069767	0.141058	0.333333	0.965217	1.000000	0.872679	0.570755	1.000000	0.808000	0.696018	0.811321	0.180791	0.884181	0.986716	
3	0.372093	0.405542	0.000000	0.269565	0.699694	0.917772	0.150943	0.922330	0.740000	0.088821	0.560034	0.112994	0.107345	0.571956	
3	0.441861	0.443325	0.000000	0.247826	0.776147	0.941645	0.112028	0.957282	0.724000	0.054364	0.563465	0.175141	0.104520	0.623616	
3	0.441861	0.345088	0.000000	0.243478	0.571865	0.888594	0.107311	0.851456	0.720000	0.105666	0.532590	0.180791	0.109228	0.543912	
3	0.441861	0.307305	0.000000	0.269565	0.666055	0.970822	0.094340	0.878641	0.724000	0.039051	0.563465	0.129944	0.094162	0.580074	
3	0.457364	0.259446	0.000000	0.265217	0.612844	0.917772	0.099057	0.868932	0.728000	0.048239	0.504288	0.118644	0.098870	0.588192	
3	0.403101	0.307305	0.000000	0.243478	0.685015	0.986737	0.090802	0.869903	0.712000	0.051302	0.585763	0.214689	0.091337	0.607380	
3	0.426357	0.193955	0.000000	0.295652	0.492966	0.923077	0.129717	0.870874	0.712000	0.071210	0.509434	0.248588	0.084746	0.606642	
3	0.441861	0.277078	0.000000	0.247826	0.522936	0.952255	0.104953	0.833981	0.724000	0.097244	0.501715	0.305085	0.081921	0.571956	
3	0.387597	0.214106	0.000000	0.247826	0.563303	0.941645	0.090802	0.860194	0.728000	0.123277	0.528302	0.039548	0.080979	0.498893	
3	0.480620	0.526448	0.000000	0.208696	0.489297	0.912467	0.074292	0.858252	0.716000	0.061256	0.568611	0.220339	0.082863	0.665683	
4	0.449612	0.496222	0.853742	0.260870	0.105810	0.652520	0.163915	0.146602	0.720000	0.156202	0.087479	0.124294	0.115819	0.454613	
4	0.418605	0.483627	0.557823	0.265217	0.092355	0.702918	0.142689	0.073786	0.700000	0.108729	0.105489	0.079096	0.107345	0.465683	
4	0.387597	0.501259	0.826531	0.234783	0.094801	0.668435	0.142689	0.096117	0.700000	0.098009	0.080617	0.084746	0.077213	0.410332	
4	0.348837	0.375315	0.306123	0.256522	0.103976	0.636605	0.141509	0.075728	0.684000	0.143185	0.096055	0.096045	0.109228	0.402214	
4	0.333333	0.473552	0.789116	0.221739	0.067278	0.665783	0.132076	0.282524	0.684000	0.156202	0.100343	0.084746	0.102637	0.430996	
4	0.395349	0.413098	0.411565	0.265217	0.091743	0.628647	0.132076	0.070874	0.680000	0.134763	0.078045	0.039548	0.105461	0.374170	
4	0.418605	0.478589	0.615646	0.260870	0.092355	0.615385	0.137972	0.030097	0.704000	0.098775	0.074614	0.028249	0.104520	0.312915	
4	0.379845	0.473552	0.649660	0.269565	0.090520	0.610080	0.117925	0.054369	0.696000	0.075038	0.078045	0.033898	0.087571	0.394834	
4	0.426357	0.445844	0.394558	0.256522	0.093578	0.620690	0.133255	0.040777	0.708000	0.088821	0.081475	0.005650	0.076271	0.334317	
4	0.426357	0.491184	0.673469	0.282609	0.094801	0.618037	0.148585	0.105825	0.704000	0.114089	0.076329	0.056497	0.093220	0.369742	
5	0.519380	0.528967	0.962585	0.743478	0.741284	1.000000	0.755896	1.000000	0.852000	0.821593	0.660377	0.553672	1.000000	1.000000	
5	0.480620	0.471033	0.935374	0.713044	0.647706	1.000000	0.649764	1.000000	0.784000	0.798622	0.702401	0.310735	1.000000	1.000000	
5	0.542636	0.518892	0.972789	0.726087	0.792661	1.000000	0.786557	1.000000	0.948000	0.844564	0.694683	0.542373	1.000000	1.000000	
5	0.426357	0.483627	1.000000	0.726087	0.848318	1.000000	0.575472	1.000000	0.836000	0.690659	0.761578	0.361582	0.961394	1.000000	
5	0.465116	0.518892	0.962585	0.843478	0.791437	1.000000	0.768868	1.000000	0.840000	0.748086	0.631218	0.559322	0.989642	1.000000	
5	0.589147	0.518892	0.935374	0.821739	0.812232	0.870027	0.814859	1.000000	0.944000	0.827718	0.611492	0.683616	0.930320	1.000000	
5	0.565891	0.536524	0.952381	0.734783	0.835474	0.992042	0.786557	1.000000	0.860000	0.781011	0.620926	0.463277	0.954802	1.000000	
5	0.558140	0.471033	0.979592	0.800000	0.788991	0.814324	0.744104	1.000000	0.816000	0.727412	0.656947	0.508475	0.955744	1.000000	
5	0.558140	0.531486	0.962585	0.773913	0.805505	1.000000	0.786557	1.000000	0.800000	0.748086	0.717839	0.519774	0.973635	1.000000	
5	0.573643	0.541562	0.965986	0.682609	0.820795	1.000000	0.781840	1.000000	0.820000	0.763400	0.671527	0.423729	0.995292	1.000000	
6	0.441861	0.458438	0.969388	0.256522	0.784098	0.538462	0.139151	0.249515	0.420000	0.037519	0.092624	0.146893	0.051789	0.397786	
6	0.511628	0.438287	0.914966	0.239130	0.788379	0.466844	0.136793	0.241748	0.360000	0.030628	0.073756	0.203390	0.058380	0.333579	
6	0.542636	0.486146	0.928571	0.260870	0.774924	0.442971	0.136793	0.269903	0.420000	0.026034	0.075472	0.203390	0.048023	0.366790	
6	0.496124	0.423174	0.965986	0.226087	0.760245	0.610080	0.139151	0.252427	0.456000	0.042879	0.065180	0.231638	0.046139	0.291513	
6	0.503876	0.443325	0.996599	0.239130	0.822018	0.493369	0.140330	0.222330	0.388000	0.039816	0.052316	0.209040	0.046139	0.312915	
6	0.472868	0.438287	0.972789	0.213044	0.794495	0.692308	0.141509	0.320388	0.356000	0.035222	0.066038	0.225989	0.057439	0.304797	
6	0.449612	0.415617	1.000000	0.269565	0.705810	0.339523	0.135613	0.191262	0.288000	0.058959	0.066895	0.197740	0.039548	0.299631	
6	0.480620	0.413098	1.000000	0.213044	0.732110	0.461539	0.140330	0.230097	0.404000	0.049770	0.062607	0.146893	0.046139	0.306273	
6	0.488372	0.395466	1.000000	0.226087	0.655658	0.379310	0.142689	0.224272	0.328000	0.046708	0.055746	0.158192	0.047081	0.290037	
6	0.426357	0.428212	1.000000	0.234783	0.728440	0.485411	0.149764	0.176699	0.316000	0.058193	0.057461	0.169492	0.030132	0.284133	
7	0.674419	0.569270	0.683673	0.826087	0.916820	0.904509	0.601415	1.000000	0.776000	0.617152	0.957976	0.214689	0.990584	1.000000	
7	0.635659	0.700252	0.523810	0.878261	0.950459	0.933687	0.633255	1.000000	0.824000	0.591118	0.993139	0.344633	1.000000	1.000000	
7	0.573643	0.531486	0.520408	0.873913	0.974312	0.938992	0.686321	1.000000	0.804000	0.627106	1.000000	0.282486	1.000000	1.000000	
7	0.604651	0.667506	0.588435	0.969565	0.994495	1.000000	0.790094	1.000000	0.820000	0.655437	1.000000	0.384181	1.000000	1.000000	
7	0.581395	0.526448	0.775510	1.000000	0.996942	1.000000	0.685142	1.000000	0.804000	0.621746	1.000000	0.180791	1.000000	1.000000	
7	0.635659	0.617129	0.513605	0.960870	1.000000	0.949602	0.767689	1.000000	0.824000	0.644717	1.000000	0.355932	1.000000	1.000000	
7	0.581395	0.879093	0.544218	0.773913	1.000000	1.000000	0.668632	1.000000	0.832000	0.612557	1.000000	0.355932	1.000000	1.000000	
7	0.542636	0.851385	0.394558	1.000000	1.000000	1.000000	1.000000	1.000000	0.992000	0.778714	1.000000	0.632768	1.000000	1.000000	
7	0.488372	0.846348	0.619048	0.978261	1.000000	0.901857	0.792453	1.000000	0.912000	0.663859	1.000000	0.542373	1.000000	1.000000	
7	0.713178	0.866499	0.428571	0.991304	1.000000	1.000000	1.000000	1.000000	0.860000	0.781776	1.000000	0.548023	1.000000	1.000000	
8	0.837209	0.284635	0.085034	0.182609	0.711927	0.583554	0.069575	0.547573	0.512000	0.139357	0.181818	0.056497	0.081921	0.442066	
8	0.775194	0.282116	0.193878	0.160870	0.708257	0.395226	0.004717	0.630097	0.380000	0.166922	0.187822	0.112994	0.064030	0.433948	
8	0.868217	0.279597	0.146259	0.217391	0.735780	0.419098	0.095519	0.543689	0.436000	0.172282	0.143225	0.084746	0.087571	0.414760	
8	0.844961	0.284635	0.149660	0.200000	0.740061	0.474801	0.093160	0.580583	0.424000	0.214395	0.124357	0.118644	0.076271	0.421402	
8	0.922481	0.317380	0.034014	0.204348	0.740061	0.416446	0.068396	0.585437	0.404000	0.206738	0.147513	0.084746	0.092279	0.422140	
8	0.806202	0.269521	0.000000	0.252174	0.680734	0.450928	0.034198	0.588350	0.352000	0.168453	0.140652	0.101695	0.096045	0.410332	
8	0.837209	0.282116	0.000000	0.208696	0.694801	0.660478	0.081368	0.565049	0.540000	0.171516	0.122642	0.067797	0.075330	0.402952	
8	0.790698	0.274559	0.088435	0.178261	0.719878	0.519894	0.090802	0.560194	0.336000	0.145482	0.099485	0.180791	0.078154	0.399262	
8	0.736434	0.272040	0.003401	0.226087	0.690520	0.607427	0.060142	0.571845	0.348000	0.130934	0.106347	0.096045	0.078154	0.388930	
8	0.782946	0.267003	0.000000	0.260870	0.630581	0.673740	0.048349	0.576699	0.344000	0.144717	0.120926	0.129944	0.063089	0.391144	
9	0.441861	0.518892	0.894558	0.400000	1.000000	0.639257	0.373821	1.000000	0.648000	0.437979	0.272727	0.146893	0.165725	0.271587	
9	0.829457	0.617129	0.721088	0.352174	1.000000	0.692308	0.430425	1.000000	0.656000	0.474732	0.248714	0.129944	0.118644	0.245757	
9	0.744186	0.586902	0.853742	0.339130	1.000000	0.671088	0.380896	1.000000	0.628000	0.492343	0.374786	0.096045	0.135593	0.258303	
9	1.000000	0.589421	0.724490	0.365217	1.000000	0.740053	0.435142	1.000000	0.704000	0.629403	0.257290	0.124294	0.159134	0.259041	
9	0.806202	0.594459	0.714286	0.413044	1.000000	0.655172	0.412736	1.000000	0.644000	0.497703	0.326758	0.129944	0.132768	0.259041	
9	0.821705	0.596977	0.843537	0.378261	1.000000	0.615385	0.403302	1.000000	0.680000	0.403522	0.307890	0.192090	0.088512	0.267897	
9	0.891473	0.705290	0.683673	0.360870	0.992049	0.649867	0.371462	1.000000	0.664000	0.459418	0.317324	0.107345	0.115819	0.261255	
9	1.000000	1.000000	0.591837	0.326087	0.945566	0.594164	0.420991	1.000000	0.660000	0.500000	0.283019	0.090395	0.091337	0.244280	
9	0.953488	0.758186	0.564626	0.404348	0.944343	0.591512	0.425708	1.000000	0.680000	0.464778	0.289880	0.084746	0.072505	0.258303	
9	0.844961	0.695214	0.891156	0.378261	1.000000	0.628647	0.383255	1.000000	0.640000	0.435682	0.271870	0.101695	0.079096	0.235424	
10	0.829457	0.279597	0.044218	0.169565	0.131499	0.615385	0.134434	0.000000	0.688000	0.063553	0.115780	0.028249	0.088512	0.323247	
10	0.821705	0.282116	0.010204	0.178261	0.125994	0.660478	0.155660	0.002913	0.704000	0.094946	0.140652	0.022599	0.080038	0.366790	
10	0.790698	0.251889	0.095238	0.265217	0.110703	0.708223	0.141509	0.146602	0.700000	0.117917	0.074614	0.022599	0.089454	0.343911	
10	0.782946	0.539043	0.000000	0.156522	0.107645	0.724138	0.102594	0.272816	0.628000	0.108729	0.086621	0.028249	0.049906	0.338007	
10	0.852713	0.453401	0.000000	0.156522	0.138226	0.716180	0.089623	0.180583	0.660000	0.121746	0.069468	0.028249	0.074388	0.350554	
10	0.883721	0.566751	0.013605	0.186957	0.154740	0.718833	0.109670	0.165049	0.668000	0.129403	0.069468	0.000000	0.056497	0.259041	
10	0.875969	0.695214	0.278912	0.230435	0.107645	0.689655	0.133255	0.101942	0.704000	0.086524	0.069468	0.000000	0.079096	0.296679	
10	0.868217	0.513854	0.017007	0.156522	0.112538	0.649867	0.120283	0.046602	0.684000	0.107963	0.096913	0.045198	0.063089	0.267897	
10	0.899225	0.501259	0.017007	0.256522	0.120489	0.692308	0.128538	0.181553	0.684000	0.098775	0.071184	0.000000	0.072505	0.285609	
10	0.930233	0.526448	0.000000	0.173913	0.135168	0.649867	0.123821	0.212621	0.656000	0.065084	0.066895	0.000000	0.080038	0.326199	
11	0.658915	0.329975	0.000000	1.000000	0.058104	0.591512	0.731132	1.000000	0.856000	0.833844	0.719554	0.310735	1.000000	1.000000	
11	0.829457	0.392947	0.000000	1.000000	0.084404	0.567639	0.795991	1.000000	0.840000	0.892803	0.585763	0.418079	1.000000	1.000000	
11	0.759690	0.319899	0.000000	1.000000	0.111315	0.514589	0.963443	1.000000	0.868000	0.931853	0.767582	0.536723	1.000000	1.000000	
11	0.883721	0.345088	0.000000	0.934783	0.154740	0.496021	0.917453	1.000000	0.904000	0.912711	0.711835	0.542373	1.000000	1.000000	
11	0.720930	0.302267	0.000000	1.000000	0.125994	0.498674	0.946934	1.000000	0.844000	0.919602	0.729846	0.531074	1.000000	1.000000	
11	0.798450	0.269521	0.000000	1.000000	0.152905	0.554377	0.906840	1.000000	0.900000	0.854518	0.757290	0.367232	1.000000	1.000000	
11	0.728682	0.226700	0.000000	0.969565	0.094190	0.525199	0.876179	1.000000	0.900000	0.944870	0.719554	0.468927	1.000000	1.000000	
11	0.813954	0.352645	0.000000	1.000000	0.100917	0.580902	0.938679	1.000000	0.932000	0.930322	0.769297	0.384181	1.000000	1.000000	
11	0.674419	0.345088	0.000000	0.982609	0.112538	0.578249	0.817217	1.000000	0.840000	0.904288	0.710978	0.378531	1.000000	1.000000	
11	0.767442	0.219144	0.000000	1.000000	0.125994	0.453581	0.891509	1.000000	0.864000	0.959418	0.749571	0.536723	1.000000	1.000000	
12	1.000000	0.430731	0.360544	0.308696	0.768196	0.482759	0.370283	0.476699	0.364000	0.199847	0.105489	0.259887	0.283428	0.459779	
12	1.000000	0.395466	0.306123	0.291304	0.721713	0.281167	0.444576	0.091262	0.304000	0.156968	0.072041	0.259887	0.243880	0.408118	
12	0.852713	0.395466	0.411565	0.252174	0.775535	0.297082	0.406840	0.228155	0.300000	0.138591	0.073756	0.169492	0.126177	0.419926	
12	1.000000	0.503778	0.343537	0.295652	0.729052	0.331565	0.432783	0.195146	0.312000	0.162328	0.072041	0.214689	0.207156	0.426568	
12	1.000000	0.360202	0.221088	0.247826	0.665443	0.278515	0.393868	0.119418	0.292000	0.163859	0.063465	0.242938	0.278719	0.381550	
12	1.000000	0.309824	0.302721	0.439130	0.703976	0.347480	0.417453	0.140777	0.276000	0.182236	0.051458	0.288136	0.343691	0.340959	
12	0.953488	0.571788	0.289116	0.334783	0.592049	0.291777	0.376179	0.102913	0.268000	0.146248	0.060892	0.242938	0.196799	0.388930	
12	1.000000	0.319899	0.479592	0.156522	0.752294	0.299735	0.385613	0.334952	0.272000	0.211332	0.055746	0.378531	0.326742	0.325461	
12	1.000000	0.455919	0.472789	0.330435	0.739450	0.360743	0.403302	0.182524	0.440000	0.211332	0.066038	0.316384	0.286252	0.336531	
12	0.860465	0.516373	0.248299	0.300000	0.651988	0.289125	0.380896	0.128155	0.272000	0.151608	0.057461	0.237288	0.188324	0.381550	
13	1.000000	0.448363	0.622449	0.243478	0.113762	0.106101	0.180425	0.296117	0.132000	0.386677	0.620926	0.700565	0.326742	0.575646	
13	1.000000	0.443325	0.595238	0.317391	0.098471	0.026525	0.170991	0.266990	0.188000	0.429556	0.614923	0.677966	0.395480	0.506273	
13	1.000000	0.488665	0.700680	0.165217	0.070948	0.599470	0.211085	0.443689	0.528000	0.273354	0.734134	0.604520	0.231638	0.649447	
13	1.000000	0.468514	0.673469	0.200000	0.086239	0.591512	0.275943	0.381553	0.736000	0.314701	0.665523	0.627119	0.288136	0.613284	
13	1.000000	0.453401	0.656463	0.186957	0.094190	0.610080	0.278302	0.403884	0.712000	0.373660	0.678388	0.621469	0.344633	0.539483	
13	1.000000	0.476071	0.727891	0.186957	0.084404	0.588859	0.275943	0.302913	0.748000	0.359112	0.696398	0.627119	0.337100	0.569742	
13	1.000000	0.453401	0.785714	0.182609	0.088685	0.559682	0.312500	0.525243	0.760000	0.392802	0.732419	0.706215	0.320151	0.748340	
13	1.000000	0.483627	0.775510	0.213044	0.115596	0.636605	0.310142	0.275728	0.796000	0.408116	0.819897	0.728814	0.300377	0.835424	
13	1.000000	0.445844	0.721088	0.191304	0.102752	0.620690	0.293632	0.286408	0.744000	0.435682	0.743568	0.711864	0.366290	0.771956	
13	1.000000	0.397985	0.625850	0.160870	0.091132	0.583554	0.264151	0.284466	0.748000	0.372894	0.698971	0.627119	0.290019	0.670111	
14	0.744186	0.415617	0.523810	0.065217	0.481957	0.254642	0.288915	0.513592	0.352000	0.143185	0.128645	0.254237	0.104520	0.301107	
14	0.573643	0.486146	0.408163	0.108696	0.368196	0.222812	0.332547	0.323301	0.280000	0.150077	0.077187	0.231638	0.092279	0.356458	
14	0.736434	0.423174	0.268708	0.256522	0.368196	0.063660	0.352594	0.184466	0.156000	0.088055	0.042882	0.231638	0.080038	0.386716	
14	0.899225	0.445844	0.278912	0.234783	0.294801	0.095491	0.380896	0.163107	0.188000	0.117917	0.039451	0.225989	0.087571	0.388930	
14	0.829457	0.468514	0.319728	0.291304	0.281957	0.212202	0.372642	0.197087	0.204000	0.143185	0.048027	0.231638	0.064972	0.392620	
14	0.992248	0.561713	0.323129	0.282609	0.416514	0.196287	0.344340	0.179612	0.192000	0.118683	0.047170	0.237288	0.105461	0.401476	
14	1.000000	0.609572	0.217687	0.273913	0.407951	0.305040	0.357311	0.253398	0.172000	0.114855	0.041166	0.220339	0.072505	0.389668	
14	1.000000	0.481108	0.459184	0.182609	0.385933	0.244032	0.325472	0.268932	0.100000	0.130934	0.041166	0.248588	0.158192	0.387454	
14	0.953488	0.413098	0.428571	0.169565	0.344954	0.193634	0.330189	0.211651	0.156000	0.107198	0.030017	0.231638	0.130885	0.374908	
14	1.000000	0.511335	0.418367	0.182609	0.418960	0.169761	0.304245	0.259223	0.188000	0.090352	0.050600	0.220339	0.109228	0.398524	
15	0.705426	0.360202	0.000000	0.052174	0.628135	0.533157	0.095519	0.410680	0.840000	0.101838	0.869640	0.423729	0.102637	1.000000	
15	0.852713	0.501259	0.000000	0.095652	0.681346	0.480106	0.014151	0.470874	0.696000	0.029862	0.976844	0.096045	0.104520	1.000000	
15	0.798450	0.463476	0.000000	0.086957	0.542508	0.360743	0.090802	0.546602	0.856000	0.133997	0.822470	0.372881	0.091337	1.000000	
15	0.790698	0.377834	0.000000	0.069565	0.674618	0.286472	0.058962	0.532039	0.864000	0.102603	0.763293	0.446328	0.090395	1.000000	
15	0.852713	0.408061	0.000000	0.117391	0.686850	0.336870	0.067217	0.512621	0.832000	0.114855	0.753859	0.316384	0.093220	1.000000	
15	0.852713	0.581864	0.000000	0.143478	0.780428	0.641910	0.012972	0.547573	0.768000	0.045942	0.813894	0.254237	0.090395	1.000000	
15	0.782946	0.571788	0.047619	0.082609	0.565138	0.570292	0.077830	0.460194	0.748000	0.085758	0.783877	0.282486	0.091337	1.000000	
15	0.751938	0.496222	0.044218	0.056522	0.714373	0.541114	0.116745	0.291262	0.792000	0.114089	0.750429	0.355932	0.080979	1.000000	
15	0.751938	0.539043	0.214286	0.121739	0.770031	0.201592	0.120283	0.498058	0.828000	0.124043	0.752144	0.316384	0.082863	1.000000	
15	0.860465	0.518892	0.030612	0.100000	0.617737	0.294430	0.000000	0.646602	0.632000	0.039051	0.749571	0.180791	0.077213	1.000000	
16	1.000000	1.000000	1.000000	0.930435	0.836086	0.986737	0.693396	1.000000	0.840000	0.644717	1.000000	0.310735	1.000000	1.000000	
16	1.000000	1.000000	1.000000	0.973913	0.819572	0.957560	0.716981	1.000000	0.860000	0.610260	0.957976	0.367232	0.902072	1.000000	
16	1.000000	1.000000	1.000000	0.969565	0.809786	0.883289	0.813679	1.000000	0.876000	0.670750	1.000000	0.497175	0.929379	1.000000	
16	1.000000	1.000000	1.000000	0.930435	0.815291	0.923077	0.745283	1.000000	0.844000	0.625574	0.966552	0.310735	0.980226	1.000000	
16	1.000000	0.979849	1.000000	0.756522	0.808563	0.851459	0.691038	1.000000	0.832000	0.593415	0.957118	0.231638	0.963277	1.000000	
16	1.000000	1.000000	0.993197	0.839131	0.814067	0.816976	0.742925	1.000000	0.848000	0.614089	0.993139	0.378531	0.916196	1.000000	
16	1.000000	1.000000	0.976190	0.926087	0.818349	0.912467	0.787736	1.000000	0.852000	0.585758	0.980274	0.536723	0.936912	1.000000	
16	1.000000	0.967254	0.996599	0.886957	0.828135	0.875332	0.683962	1.000000	0.864000	0.543645	1.000000	0.412429	0.729755	1.000000	
16	1.000000	1.000000	0.962585	0.726087	0.826300	0.891247	0.646226	1.000000	0.856000	0.539816	0.996570	0.412429	0.605461	1.000000	
16	1.000000	1.000000	0.996599	0.900000	0.828746	0.909814	0.734670	1.000000	0.848000	0.584227	0.956261	0.440678	0.951036	1.000000	
17	0.674419	0.395466	0.000000	0.295652	0.176147	0.687003	0.844340	1.000000	0.840000	0.654671	0.883362	0.474576	0.719397	1.000000	
17	0.713178	0.302267	0.000000	0.326087	0.174312	0.604775	0.916274	1.000000	0.848000	0.736600	0.867067	0.559322	0.847458	1.000000	
17	0.116279	0.136020	0.068027	0.500000	0.160856	0.641910	0.930425	1.000000	0.836000	0.747320	0.886793	0.570622	0.898305	1.000000	
17	0.418605	0.161209	0.000000	0.343478	0.162080	0.644562	0.954009	1.000000	0.792000	0.773354	0.863636	0.570622	0.904896	1.000000	
17	0.534884	0.445844	0.000000	0.256522	0.168807	0.668435	0.938679	1.000000	0.796000	0.701378	0.871355	0.570622	0.843691	1.000000	
17	0.217054	0.219144	0.013605	0.347826	0.154740	0.755968	0.892689	1.000000	0.780000	0.666922	0.841338	0.587571	0.834275	1.000000	
17	0.085271	0.161209	0.000000	0.513044	0.128440	0.875332	0.899764	1.000000	0.792000	0.705207	0.860206	0.553672	0.895480	1.000000	
17	0.224806	0.299748	0.000000	0.369565	0.172477	0.519894	0.944576	1.000000	0.816000	0.782542	0.833619	0.598870	0.831450	1.000000	
17	0.116279	0.236776	0.051020	0.426087	0.105199	0.546419	0.875000	1.000000	0.776000	0.696784	0.816467	0.485876	0.837100	1.000000	
17	0.286822	0.209068	0.000000	0.334783	0.159021	0.551724	0.869104	1.000000	0.800000	0.663093	0.847341	0.525424	0.833333	1.000000	
18	1.000000	0.455919	0.935374	0.104348	0.070948	0.676393	0.474057	0.418447	0.404000	0.702144	1.000000	0.706215	0.811676	1.000000	
18	1.000000	0.481108	0.972789	0.143478	0.055046	0.822281	0.475236	0.409709	0.336000	0.814701	1.000000	0.711864	0.816384	1.000000	
18	1.000000	0.397985	0.959184	0.256522	0.063609	0.673740	0.483491	0.371845	0.192000	0.847626	1.000000	0.615819	0.946328	1.000000	
18	1.000000	0.415617	0.962585	0.395652	0.049541	0.769231	0.502359	0.383495	0.248000	0.886677	1.000000	0.768362	0.782486	1.000000	
18	0.751938	0.418136	0.877551	0.165217	0.105810	0.721485	0.411557	0.177670	0.212000	0.778714	1.000000	0.615819	0.906780	1.000000	
18	1.000000	0.410579	0.952381	0.152174	0.100917	0.766578	0.442217	0.285437	0.152000	0.789433	1.000000	0.683616	0.807910	1.000000	
18	1.000000	0.463476	0.965986	0.204348	0.083792	0.700265	0.475236	0.283495	0.192000	0.887443	1.000000	0.672316	0.857815	1.000000	
18	1.000000	0.450882	0.955782	0.126087	0.147401	0.745358	0.452830	0.077670	0.220000	0.822358	1.000000	0.655367	0.854049	1.000000	
18	1.000000	0.503778	0.870748	0.269565	0.080734	0.681698	0.457547	0.222330	0.164000	0.820827	1.000000	0.723164	0.823917	1.000000	
18	1.000000	0.501259	0.897959	0.143478	0.064832	0.718833	0.452830	0.326214	0.288000	0.771057	1.000000	0.604520	0.897364	1.000000	
19	0.581395	0.463476	1.000000	0.195652	0.179205	0.000000	0.824293	0.533010	0.824000	0.879786	0.859348	0.683616	0.871940	1.000000	
19	0.581395	0.486146	0.969388	0.173913	0.137003	0.000000	0.715802	0.405825	0.408000	0.862940	1.000000	0.610170	0.901130	1.000000	
19	0.503876	0.443325	1.000000	0.704348	0.165138	0.000000	1.000000	0.596117	0.916000	0.873660	1.000000	0.661017	0.960452	1.000000	
19	0.581395	0.506297	1.000000	0.386957	0.107034	0.000000	0.674528	0.225243	0.320000	0.901225	1.000000	0.598870	0.948211	1.000000	
19	0.488372	0.438287	1.000000	0.621739	0.188991	0.000000	1.000000	0.520388	0.804000	0.902757	1.000000	0.672316	0.913371	1.000000	
19	0.627907	0.465995	1.000000	0.517391	0.182875	0.000000	0.964623	0.459223	0.640000	0.912711	1.000000	0.711864	0.952919	1.000000	
19	0.581395	0.460957	1.000000	0.608696	0.157187	0.000000	0.896226	0.316505	0.572000	0.902757	1.000000	0.745763	0.934087	1.000000	
19	0.651163	0.443325	1.000000	0.430435	0.173089	0.000000	0.952830	0.465049	0.740000	0.898162	1.000000	0.632768	0.967043	1.000000	
19	0.589147	0.453401	1.000000	0.582609	0.165138	0.000000	0.873821	0.500971	0.664000	0.900459	1.000000	0.581921	0.922787	1.000000	
19	0.620155	0.481108	1.000000	0.369565	0.182263	0.000000	0.926887	0.479612	0.696000	0.878254	1.000000	0.706215	0.852166	1.000000	
20	0.906977	0.508816	0.955782	0.182609	0.117431	0.954907	0.018868	0.640777	0.008000	0.107963	1.000000	0.604520	0.146893	1.000000	
20	0.744186	0.685139	1.000000	0.208696	0.125994	1.000000	0.000000	0.809709	0.328000	0.099541	1.000000	0.254237	0.278719	1.000000	
20	0.705426	0.617129	1.000000	0.226087	0.130887	0.994695	0.057783	0.806796	0.276000	0.143951	1.000000	0.265537	0.271186	1.000000	
20	0.844961	0.770781	0.897959	0.400000	0.154128	0.896552	0.179245	0.613592	0.304000	0.453293	1.000000	0.559322	0.632768	1.000000	
20	0.744186	0.670025	0.986395	0.347826	0.149847	0.915119	0.137972	0.627185	0.280000	0.281776	1.000000	0.446328	0.328625	1.000000	
20	0.767442	0.637280	1.000000	0.273913	0.173700	0.893899	0.028302	0.608738	0.156000	0.267994	1.000000	0.508475	0.338041	1.000000	
20	0.775194	0.740554	0.972789	0.304348	0.159021	0.925730	0.088443	0.736893	0.320000	0.223584	1.000000	0.514124	0.255179	1.000000	
20	0.744186	0.740554	1.000000	0.369565	0.143731	0.976127	0.167453	0.764078	0.344000	0.431853	1.000000	0.570622	0.689266	1.000000	
20	0.914729	0.506297	0.931973	0.208696	0.185321	0.938992	0.018868	0.696117	0.020000	0.282542	1.000000	0.615819	0.380414	1.000000	
20	0.767442	0.654912	0.982993	0.404348	0.144343	0.965517	0.155660	0.794175	0.352000	0.485452	1.000000	0.576271	0.734463	1.000000	
21	1.000000	0.662469	0.149660	0.273913	0.613456	0.190981	1.000000	1.000000	0.808000	0.917305	1.000000	0.689266	1.000000	1.000000	
21	1.000000	0.816121	0.200680	0.030435	0.620795	0.079576	1.000000	1.000000	0.792000	0.936447	1.000000	0.683616	1.000000	1.000000	
21	1.000000	0.773300	0.323129	0.082609	0.564526	0.119363	0.942217	1.000000	0.764000	0.884380	1.000000	0.548023	1.000000	1.000000	
21	1.000000	0.785894	0.248299	0.130435	0.596330	0.238727	0.969340	1.000000	0.412000	0.950995	1.000000	0.627119	1.000000	1.000000	
21	1.000000	0.811083	0.139456	0.213044	0.656269	0.095491	1.000000	1.000000	0.724000	0.950995	1.000000	0.610170	1.000000	1.000000	
21	1.000000	0.672544	0.163265	0.230435	0.568807	0.241379	0.974057	1.000000	0.536000	0.977029	1.000000	0.576271	1.000000	1.000000	
21	1.000000	0.836272	0.217687	0.156522	0.667278	0.196287	1.000000	1.000000	0.708000	0.951761	1.000000	0.677966	1.000000	1.000000	
21	1.000000	0.735516	0.068027	0.169565	0.724771	0.079576	1.000000	1.000000	0.676000	0.943339	1.000000	0.649718	1.000000	1.000000	
21	1.000000	0.831234	0.136054	0.234783	0.671560	0.209549	1.000000	1.000000	0.784000	0.853752	1.000000	0.491525	1.000000	1.000000	
21	1.000000	0.748111	0.156463	0.191304	0.668502	0.198939	1.000000	1.000000	0.836000	0.945636	1.000000	0.649718	1.000000	1.000000	
22	0.937985	0.516373	0.112245	0.713044	0.355963	0.639257	0.603774	0.866019	0.644000	0.438744	0.644940	0.389831	0.230697	0.778598	
22	0.736434	0.541562	0.241497	0.847826	0.384098	0.612732	0.617925	0.933981	0.680000	0.516080	0.667238	0.451977	0.317326	0.769742	
22	0.775194	0.518892	0.224490	0.908696	0.237921	0.572944	0.650943	0.874757	0.672000	0.544410	0.622642	0.361582	0.275895	0.787454	
22	0.860465	0.506297	0.163265	0.908696	0.243425	0.562334	0.636793	0.903884	0.684000	0.495406	0.661235	0.457627	0.360640	0.733579	
22	0.875969	0.604534	0.125850	0.865217	0.283180	0.588859	0.653302	0.858252	0.672000	0.509954	0.658662	0.435028	0.338983	0.724723	
22	0.744186	0.617129	0.129252	0.800000	0.365138	0.583554	0.574293	0.898058	0.712000	0.451761	0.624357	0.435028	0.319209	0.707749	
22	0.775194	0.579345	0.187075	0.691304	0.299083	0.623342	0.557783	0.922330	0.668000	0.394334	0.614923	0.310735	0.182674	0.751292	
22	0.744186	0.612091	0.183674	0.665217	0.262997	0.641910	0.606132	0.918447	0.696000	0.441041	0.628645	0.293785	0.220339	0.734317	
22	0.697674	0.607053	0.159864	0.734783	0.233028	0.604775	0.660377	0.821359	0.696000	0.518377	0.613208	0.525424	0.308851	0.664207	
22	0.658915	0.617129	0.255102	0.495652	0.395719	0.583554	0.523585	0.876699	0.680000	0.427259	0.586621	0.282486	0.274953	0.716605	
23	0.372093	0.045340	0.363946	0.247826	0.085015	0.681698	0.150943	0.122330	0.668000	0.060490	0.084906	0.050847	0.074388	0.481919	
23	0.449612	0.040302	0.282313	0.234783	0.096636	0.716180	0.142689	0.109709	0.680000	0.074273	0.094340	0.096045	0.062147	0.439852	
23	0.372093	0.128464	0.530612	0.234783	0.118654	0.713528	0.167453	0.119418	0.680000	0.069678	0.073756	0.045198	0.075330	0.390406	
23	0.465116	0.073048	0.142857	0.213044	0.105810	0.856764	0.155660	0.169903	0.688000	0.085758	0.082333	0.192090	0.072505	0.464207	
23	0.426357	0.000000	0.261905	0.234783	0.094801	0.782493	0.145047	0.068932	0.684000	0.068913	0.068611	0.146893	0.074388	0.404428	
23	0.496124	0.057935	0.227891	0.234783	0.099694	0.716180	0.148585	0.039806	0.696000	0.081930	0.072041	0.096045	0.082863	0.365314	
23	0.434109	0.060453	0.180272	0.239130	0.102752	0.763926	0.147406	0.021359	0.684000	0.076570	0.063465	0.096045	0.088512	0.389668	
23	0.348837	0.093199	0.391157	0.239130	0.088685	0.708223	0.147406	0.030097	0.684000	0.068913	0.060034	0.079096	0.087571	0.370480	
23	0.403101	0.453401	0.510204	0.247826	0.099694	0.734748	0.176887	0.082524	0.672000	0.056662	0.059177	0.090395	0.082863	0.361624	
23	0.511628	0.113350	0.173469	0.252174	0.091743	0.687003	0.179245	0.048544	0.688000	0.053599	0.062607	0.033898	0.079096	0.346864	
24	0.224806	0.224181	0.302721	0.765217	0.762080	0.779841	0.623821	1.000000	0.804000	0.659265	0.583190	0.231638	0.369115	0.353506	
24	0.139535	0.168766	0.234694	1.000000	0.919266	0.779841	0.641509	1.000000	0.780000	0.585758	0.892796	0.220339	0.338041	0.385240	
24	0.124031	0.151134	0.139456	1.000000	0.910092	0.790451	0.660377	1.000000	0.756000	0.641654	0.848199	0.282486	0.360640	0.346864	
24	0.162791	0.193955	0.326531	0.917391	0.822630	0.880637	0.748821	1.000000	0.788000	0.626340	1.000000	0.248588	0.370998	0.344649	
24	0.201550	0.198992	0.329932	0.882609	0.750459	1.000000	0.653302	1.000000	0.744000	0.588821	0.971698	0.203390	0.341808	0.414022	
24	0.341085	0.047859	0.357143	1.000000	0.855046	0.877984	0.801887	1.000000	0.756000	0.659265	0.951973	0.220339	0.360640	0.345388	
24	0.449612	0.304786	0.479592	1.000000	0.869113	0.891247	0.829009	1.000000	0.792000	0.633231	1.000000	0.197740	0.375706	0.343173	
24	0.170543	0.246851	0.448980	1.000000	0.906422	0.830239	0.839623	1.000000	0.760000	0.709035	0.964837	0.305085	0.401130	0.354982	
24	0.255814	0.256927	0.401361	1.000000	0.943119	0.846154	0.909198	1.000000	0.804000	0.638591	1.000000	0.192090	0.387947	0.325461	
24	0.542636	0.664987	0.418367	1.000000	0.933333	0.925730	0.833726	1.000000	0.796000	0.617152	1.000000	0.107345	0.378531	0.357934	
25	0.860465	0.967254	1.000000	0.513044	0.889297	0.262600	0.529481	1.000000	0.320000	0.789433	1.000000	0.570622	1.000000	1.000000	
25	0.798450	0.838791	1.000000	0.978261	0.894190	0.000000	0.609670	1.000000	0.384000	0.942573	1.000000	0.638418	1.000000	1.000000	
25	0.875969	0.881612	1.000000	0.873913	0.902141	0.090186	0.589623	1.000000	0.224000	0.879020	1.000000	0.615819	1.000000	1.000000	
25	0.767442	0.848867	1.000000	1.000000	0.910703	0.010610	0.649764	1.000000	0.352000	0.952527	1.000000	0.677966	1.000000	1.000000	
25	0.844961	0.818640	1.000000	0.978261	0.920489	0.066313	0.608491	1.000000	0.240000	0.931853	1.000000	0.683616	1.000000	1.000000	
25	0.953488	0.914358	1.000000	1.000000	0.939450	0.000000	0.602594	1.000000	0.308000	0.912711	1.000000	0.717514	1.000000	1.000000	
25	1.000000	1.000000	1.000000	0.930435	0.939450	0.129974	0.551887	1.000000	0.124000	0.781011	0.981132	0.615819	1.000000	1.000000	
25	0.930233	0.874055	1.000000	0.730435	0.907034	0.183024	0.482311	1.000000	0.160000	0.686064	1.000000	0.508475	1.000000	1.000000	
25	0.906977	0.758186	1.000000	0.804348	0.952905	0.196287	0.459906	1.000000	0.124000	0.737366	1.000000	0.666667	1.000000	1.000000	
25	0.829457	0.798489	1.000000	1.000000	0.902141	0.084881	0.569576	1.000000	0.152000	0.892037	1.000000	0.723164	1.000000	1.000000	
26	0.806202	0.523930	0.721088	0.347826	0.110092	0.350133	0.390330	0.098058	0.264000	0.148545	0.138079	0.124294	0.114878	0.555720	
26	0.782946	0.518892	0.782313	0.321739	0.116208	0.281167	0.349057	0.200000	0.092000	0.069678	0.089194	0.175141	0.130885	0.597786	
26	0.751938	0.468514	0.734694	0.300000	0.223853	0.355438	0.357311	0.164078	0.136000	0.085758	0.071184	0.169492	0.167608	0.593358	
26	0.705426	0.501259	0.687075	0.373913	0.187768	0.413793	0.395047	0.209709	0.080000	0.120214	0.059177	0.282486	0.103578	0.545387	
26	0.612403	0.468514	0.734694	0.291304	0.201835	0.339523	0.370283	0.219418	0.068000	0.060490	0.066895	0.231638	0.161959	0.563100	
26	0.620155	0.531486	0.653061	0.286957	0.240979	0.405836	0.353774	0.224272	0.060000	0.057427	0.072041	0.248588	0.098870	0.539483	
26	0.534884	0.571788	0.792517	0.330435	0.300917	0.328913	0.375000	0.305825	0.000000	0.052833	0.073756	0.271186	0.110170	0.515129	
26	0.596899	0.571788	0.476191	0.443478	0.311315	0.405836	0.436321	0.281553	0.092000	0.104135	0.074614	0.192090	0.079096	0.503321	
26	0.565891	0.591940	0.540816	0.343478	0.360245	0.379310	0.408019	0.258252	0.000000	0.061256	0.049743	0.248588	0.120527	0.494465	
26	0.480620	0.498741	0.721088	0.330435	0.315596	0.344828	0.389151	0.273786	0.000000	0.062787	0.054031	0.231638	0.129002	0.498893	
27	0.387597	0.435768	0.656463	1.000000	1.000000	0.716180	0.704009	1.000000	0.792000	0.568147	1.000000	0.372881	0.722222	1.000000	
27	0.558140	0.473552	0.564626	1.000000	1.000000	0.766578	0.617925	1.000000	0.804000	0.534456	1.000000	0.305085	0.630885	1.000000	
27	0.627907	0.652393	0.462585	1.000000	1.000000	0.798409	0.744104	1.000000	0.816000	0.567381	1.000000	0.282486	0.706215	1.000000	
27	0.534884	0.596977	0.469388	1.000000	1.000000	0.864722	0.839623	1.000000	0.824000	0.626340	1.000000	0.310735	0.798493	1.000000	
27	0.658915	0.518892	0.588435	1.000000	1.000000	0.798409	0.714623	1.000000	0.816000	0.552067	1.000000	0.395480	0.780603	1.000000	
27	0.945736	0.697733	0.670068	0.947826	1.000000	0.912467	0.721698	1.000000	0.808000	0.555130	1.000000	0.276836	0.700565	1.000000	
27	0.682171	0.591940	0.622449	1.000000	1.000000	0.891247	0.777123	1.000000	0.820000	0.611026	1.000000	0.350283	0.850283	1.000000	
27	0.519380	0.511335	0.697279	1.000000	1.000000	0.819629	0.812500	1.000000	0.844000	0.594181	1.000000	0.361582	0.828625	1.000000	
27	0.666667	0.604534	0.602041	1.000000	1.000000	0.851459	0.699293	1.000000	0.824000	0.564319	1.000000	0.384181	0.739171	1.000000	
27	0.449612	0.556675	0.585034	0.913044	1.000000	0.734748	0.564859	1.000000	0.856000	0.556662	1.000000	0.316384	0.742938	1.000000	
28	0.945736	0.682620	0.000000	0.939130	0.044648	0.458886	0.786557	1.000000	0.864000	0.755743	1.000000	0.242938	1.000000	1.000000	
28	0.883721	0.687657	0.000000	0.860870	0.045260	0.244032	0.920991	1.000000	0.732000	1.000000	0.932247	0.632768	1.000000	1.000000	
28	0.844961	0.785894	0.030612	0.804348	0.041590	0.156499	0.893868	1.000000	0.792000	0.961715	0.963122	0.564972	1.000000	1.000000	
28	0.860465	0.700252	0.000000	0.713044	0.057492	0.251989	0.883255	1.000000	0.752000	0.970138	1.000000	0.604520	1.000000	1.000000	
28	0.968992	0.753149	0.000000	0.891304	0.181651	0.326260	1.000000	1.000000	0.748000	1.000000	0.971698	0.593220	1.000000	1.000000	
28	0.891473	0.700252	0.000000	0.852174	0.204893	0.204244	0.977594	1.000000	0.776000	0.989280	0.915952	0.564972	1.000000	1.000000	
28	0.883721	0.697733	0.000000	0.617391	0.549847	0.108753	0.984670	1.000000	0.736000	0.980092	0.886793	0.610170	1.000000	1.000000	
28	0.906977	0.652393	0.000000	0.878261	0.133333	0.214854	0.893868	1.000000	0.748000	0.992343	0.746998	0.649718	1.000000	1.000000	
28	0.968992	0.717884	0.000000	0.978261	0.055046	0.259947	0.974057	0.971845	0.740000	0.952527	0.808748	0.519774	1.000000	1.000000	
28	0.976744	0.717884	0.000000	0.826087	0.064220	0.397878	0.984670	1.000000	0.804000	0.990812	0.827616	0.672316	1.000000	1.000000	
29	1.000000	0.614610	0.880952	0.217391	0.089908	0.893899	0.186321	0.252427	0.608000	0.094181	0.173242	0.276836	0.153484	0.540221	
29	1.000000	0.639799	0.877551	0.230435	0.096024	0.830239	0.185142	0.370874	0.588000	0.078101	0.157805	0.254237	0.122411	0.522509	
29	1.000000	0.576826	0.829932	0.221739	0.140061	0.790451	0.159198	0.344660	0.588000	0.094181	0.144082	0.305085	0.121469	0.532103	
29	1.000000	0.521411	0.965986	0.217391	0.084404	0.885942	0.186321	0.271845	0.604000	0.065850	0.126930	0.225989	0.117702	0.523247	
29	1.000000	0.425693	0.972789	0.239130	0.093578	0.835544	0.181604	0.466990	0.612000	0.100306	0.126930	0.203390	0.116761	0.530627	
29	1.000000	0.544081	0.765306	0.252174	0.078899	0.726790	0.180425	0.081553	0.620000	0.132466	0.068611	0.169492	0.171375	0.446495	
29	1.000000	0.546600	0.812925	0.260870	0.080122	0.753316	0.182783	0.284466	0.624000	0.089587	0.082333	0.214689	0.116761	0.500369	
29	1.000000	0.551637	0.935374	0.243478	0.109480	0.692308	0.179245	0.112621	0.616000	0.095712	0.063465	0.096045	0.110170	0.495941	
29	1.000000	0.556675	0.857143	0.265217	0.075229	0.724138	0.169811	0.227185	0.632000	0.087289	0.066038	0.158192	0.105461	0.534317	
29	1.000000	0.531486	0.901361	0.256522	0.111927	0.679045	0.172170	0.151456	0.612000	0.085758	0.060034	0.152542	0.111111	0.494465	
30	0.666667	0.622166	0.258503	0.152174	0.377982	0.323607	0.334906	1.000000	0.480000	0.065084	1.000000	0.000000	0.100753	0.473801	
30	0.581395	0.677582	0.323129	0.313044	0.564526	0.583554	0.313679	1.000000	0.616000	0.239663	1.000000	0.000000	0.136535	0.490775	
30	0.503876	0.778338	0.350340	0.465217	0.590826	0.705570	0.331368	1.000000	0.696000	0.294028	1.000000	0.000000	0.177966	0.481919	
30	0.426357	0.664987	0.642857	0.243478	0.672171	0.575597	0.320755	1.000000	0.632000	0.284839	1.000000	0.000000	0.202448	0.409594	
30	0.472868	0.695214	0.336735	0.404348	0.497859	0.594164	0.412736	1.000000	0.656000	0.503829	0.871355	0.000000	0.367232	0.393358	
30	0.418605	0.536524	0.833333	0.278261	0.802447	0.718833	0.330189	1.000000	0.720000	0.333844	0.833619	0.028249	0.238230	0.422878	
30	0.426357	0.732998	0.571429	0.221739	0.604893	0.623342	0.326651	1.000000	0.636000	0.366003	0.992281	0.000000	0.233522	0.419926	
30	0.581395	0.727960	0.207483	0.243478	0.554740	0.283820	0.319576	1.000000	0.520000	0.243492	0.987136	0.000000	0.172316	0.628782	
30	0.434109	0.861461	0.482993	0.252174	0.666055	0.525199	0.304245	1.000000	0.540000	0.290965	0.913379	0.000000	0.199623	0.593358	
30	0.527132	0.763224	0.234694	0.226087	0.531499	0.466844	0.327830	1.000000	0.520000	0.262634	1.000000	0.000000	0.194915	0.940221	
31	1.000000	0.745592	0.465986	0.286957	0.062385	0.694960	0.339623	1.000000	0.556000	0.288668	0.676672	0.649718	0.250471	0.737269	
31	1.000000	0.609572	0.479592	0.243478	0.074618	0.660478	0.294811	1.000000	0.692000	0.363706	0.627787	0.485876	0.290961	0.659041	
31	1.000000	0.730479	0.394558	0.295652	0.062385	0.687003	0.379717	1.000000	0.688000	0.487749	0.629503	0.468927	0.347458	0.612546	
31	1.000000	0.503778	0.333333	0.339130	0.067278	0.734748	0.485849	1.000000	0.724000	0.449464	0.613208	0.564972	0.328625	0.602214	
31	1.000000	0.549118	0.544218	0.286957	0.071560	0.663130	0.375000	1.000000	0.688000	0.421899	0.630360	0.395480	0.297552	0.650923	
31	1.000000	0.549118	0.394558	0.352174	0.058104	0.519894	0.465802	1.000000	0.692000	0.376723	0.793311	0.706215	0.349341	0.538745	
31	1.000000	0.491184	0.377551	0.521739	0.079511	0.997348	0.471698	1.000000	0.716000	0.414242	0.740995	0.728814	0.367232	0.513653	
31	1.000000	0.581864	0.421769	0.395652	0.035474	0.594164	0.446934	1.000000	0.708000	0.380551	0.646655	0.587571	0.286252	0.614022	
31	1.000000	0.612091	0.306123	0.434783	0.021407	0.482759	0.497642	1.000000	0.684000	0.438744	0.679245	0.689266	0.332392	0.603690	
31	1.000000	0.541562	0.391157	0.369565	0.023242	0.580902	0.484670	1.000000	0.676000	0.508423	0.639794	0.728814	0.392655	0.546864	
32	0.837209	0.498741	0.180272	0.773913	0.086850	1.000000	0.656840	1.000000	0.748000	0.627106	1.000000	0.124294	0.975518	1.000000	
32	0.813954	0.496222	0.333333	0.878261	0.051988	0.936340	0.704009	1.000000	0.772000	0.683767	1.000000	0.169492	1.000000	1.000000	
32	0.759690	0.463476	0.329932	0.939130	0.046483	0.923077	0.750000	1.000000	0.792000	0.671516	1.000000	0.124294	1.000000	1.000000	
32	0.620155	0.516373	0.370748	0.939130	0.046483	0.923077	0.858491	1.000000	0.804000	0.711332	1.000000	0.242938	1.000000	1.000000	
32	0.643411	0.513854	0.442177	0.943478	0.044648	0.888594	0.844340	1.000000	0.816000	0.698315	1.000000	0.299435	1.000000	1.000000	
32	0.697674	0.496222	0.472789	0.952174	0.045872	0.907162	0.786557	1.000000	0.776000	0.697550	1.000000	0.062147	1.000000	1.000000	
32	0.674419	0.481108	0.445578	0.891304	0.037309	0.904509	0.709906	1.000000	0.764000	0.652374	1.000000	0.101695	1.000000	1.000000	
32	0.751938	0.425693	0.465986	0.969565	0.040367	0.851459	0.791274	1.000000	0.772000	0.731241	0.873070	0.000000	1.000000	1.000000	
32	0.744186	0.483627	0.394558	0.904348	0.043425	1.000000	0.728774	1.000000	0.736000	0.680704	0.971698	0.000000	0.957627	1.000000	
32	0.837209	0.463476	0.411565	0.847826	0.053823	1.000000	0.616745	1.000000	0.736000	0.679173	0.891938	0.107345	1.000000	1.000000	
33	0.790698	0.395466	0.537415	0.591304	0.044037	0.641910	0.603774	0.660194	0.688000	0.745023	0.245283	0.327684	0.661017	0.565314	
33	0.736434	0.357683	0.486395	0.739130	0.039755	0.641910	0.675708	0.670874	0.708000	0.751149	0.222985	0.344633	0.646893	0.495941	
33	0.728682	0.350126	0.496599	0.660870	0.041590	0.649867	0.602594	0.674757	0.708000	0.702910	0.332762	0.378531	0.554614	0.488561	
33	0.713178	0.360202	0.503401	0.760870	0.040367	0.655172	0.645047	0.668932	0.688000	0.748086	0.195540	0.406780	0.600753	0.459041	
33	0.682171	0.380353	0.489796	0.721739	0.042202	0.657825	0.600236	0.648544	0.700000	0.737366	0.284734	0.367232	0.560264	0.454613	
33	0.705426	0.365239	0.547619	0.830435	0.035474	0.649867	0.634434	0.664078	0.696000	0.758806	0.224700	0.429379	0.640301	0.436162	
33	0.682171	0.347607	0.527211	0.747826	0.061774	0.718833	0.623821	0.704854	0.740000	0.663093	0.329331	0.435028	0.620527	0.436900	
33	0.728682	0.370277	0.442177	0.765217	0.056881	0.673740	0.604953	0.685437	0.732000	0.647780	0.325901	0.389831	0.498117	0.447233	
33	0.775194	0.335013	0.500000	0.917391	0.025688	0.679045	0.639151	0.567961	0.736000	0.728178	0.150086	0.418079	0.442561	0.426568	
33	0.651163	0.380353	0.442177	0.765217	0.036086	0.660478	0.635613	0.668932	0.700000	0.728178	0.217839	0.355932	0.549906	0.419926	
34	0.744186	0.516373	1.000000	0.430435	0.038532	0.647215	0.413915	0.356311	0.688000	0.497703	0.147513	0.169492	0.318267	0.427306	
34	0.519380	0.579345	0.945578	0.473913	0.045872	0.623342	0.514151	0.469903	0.668000	0.513017	0.162093	0.429379	0.293785	0.449447	
34	0.651163	0.483627	0.979592	0.439130	0.035474	0.660478	0.529481	0.512621	0.668000	0.500000	0.156089	0.446328	0.310735	0.429520	
34	0.550388	0.536524	0.948980	0.495652	0.050153	0.636605	0.525943	0.458252	0.672000	0.491577	0.159520	0.406780	0.268362	0.445757	
34	0.550388	0.566751	0.931973	0.343478	0.047706	0.625995	0.507076	0.475728	0.664000	0.467841	0.176672	0.412429	0.222222	0.436162	
34	0.573643	0.481108	0.928571	0.460870	0.089908	0.750663	0.504717	0.543689	0.680000	0.467075	0.169811	0.480226	0.303202	0.426568	
34	0.581395	0.496222	0.996599	0.456522	0.050765	0.639257	0.509434	0.508738	0.676000	0.500766	0.163808	0.389831	0.289077	0.427306	
34	0.558140	0.486146	0.935374	0.369565	0.048930	0.676393	0.477594	0.610680	0.688000	0.446401	0.183533	0.525424	0.293785	0.395572	
34	0.581395	0.586902	0.955782	0.356522	0.040367	0.657825	0.481132	0.618447	0.688000	0.441807	0.143225	0.519774	0.228814	0.391144	
34	0.542636	0.455919	0.962585	0.400000	0.049541	0.732096	0.529481	0.632039	0.740000	0.541348	0.156947	0.423729	0.314501	0.391144	
35	0.883721	0.647355	0.431973	0.569565	0.244037	0.275862	0.025943	0.933981	0.000000	0.291731	0.721269	0.649718	0.158192	0.952030	
35	0.790698	0.662469	0.391157	0.504348	0.319878	0.172414	0.036557	0.923301	0.000000	0.356815	0.700686	0.666667	0.235405	0.890037	
35	0.798450	0.644836	0.336735	0.469565	0.213456	0.259947	0.029481	0.886408	0.000000	0.343798	0.699828	0.649718	0.213748	0.887823	
35	0.937985	0.639799	0.363946	0.208696	0.296636	0.000000	0.161557	1.000000	0.000000	0.352986	0.626930	0.683616	0.204331	0.932103	
35	0.891473	0.629723	0.302721	0.239130	0.377982	0.000000	0.214623	1.000000	0.000000	0.370597	0.591767	0.689266	0.171375	0.860517	
35	1.000000	0.579345	0.278912	0.173913	0.239755	0.000000	0.075472	0.977670	0.000000	0.341501	0.645798	0.683616	0.156309	0.860517	
35	0.899225	0.579345	0.306123	0.134783	0.249541	0.169761	0.049528	0.900971	0.000000	0.300153	0.662950	0.644068	0.162900	0.825092	
35	0.868217	0.586902	0.380952	0.213044	0.444037	0.023873	0.042453	1.000000	0.000000	0.299388	0.644940	0.649718	0.203390	0.787454	
35	0.875969	0.549118	0.408163	0.156522	0.241590	0.018568	0.055425	0.967961	0.000000	0.303216	0.693825	0.672316	0.164783	0.893727	
35	0.852713	0.539043	0.462585	0.182609	0.234251	0.066313	0.050708	1.000000	0.000000	0.279479	0.668954	0.677966	0.129944	0.878229	
36	0.782946	0.536524	0.000000	0.178261	0.330275	0.368700	0.022406	0.965049	0.572000	0.055130	0.513722	0.073446	0.070621	0.525461	
36	0.806202	0.526448	0.000000	0.213044	0.417737	0.525199	0.035377	1.000000	0.580000	0.050536	0.525729	0.112994	0.073446	0.495203	
36	0.736434	0.508816	0.000000	0.221739	0.365138	0.551724	0.034198	0.972816	0.608000	0.036753	0.536021	0.118644	0.066855	0.461255	
36	0.767442	0.551637	0.000000	0.260870	0.354129	0.832891	0.101415	0.916505	0.728000	0.063553	0.530875	0.129944	0.081921	0.469373	
36	0.837209	0.342569	0.000000	0.417391	0.331499	0.732096	0.096698	0.897087	0.732000	0.078867	0.492281	0.146893	0.079096	0.511439	
36	0.751938	0.413098	0.000000	0.147826	0.337003	0.241379	0.003538	1.000000	0.588000	0.055896	0.555746	0.163842	0.091337	0.517343	
36	0.689923	0.506297	0.000000	0.152174	0.413456	0.140584	0.003538	1.000000	0.580000	0.066616	0.626930	0.186441	0.095104	0.506273	
36	0.736434	0.319899	0.000000	0.282609	0.349847	0.525199	0.000000	1.000000	0.492000	0.047473	0.556604	0.141243	0.080038	0.475277	
36	0.790698	0.471033	0.000000	0.169565	0.418960	0.416446	0.000000	1.000000	0.472000	0.055896	0.588336	0.220339	0.084746	0.510701	
36	0.782946	0.319899	0.000000	0.247826	0.274618	0.713528	0.094340	0.915534	0.712000	0.082695	0.512865	0.135593	0.074388	0.468635	
37	0.751938	0.347607	0.000000	0.169565	0.490520	0.000000	0.000000	1.000000	0.028000	0.171516	0.637221	0.214689	0.096045	0.581550	
37	0.751938	0.400504	0.000000	0.143478	0.505199	0.000000	0.000000	1.000000	0.000000	0.140123	0.622642	0.231638	0.109228	0.603690	
37	0.728682	0.317380	0.000000	0.165217	0.521101	0.000000	0.037736	1.000000	0.000000	0.180704	0.624357	0.129944	0.099812	0.533579	
37	0.759690	0.304786	0.000000	0.191304	0.529052	0.000000	0.058962	1.000000	0.000000	0.157734	0.632933	0.090395	0.100753	0.503321	
37	0.744186	0.261965	0.000000	0.234783	0.504587	0.000000	0.055425	1.000000	0.000000	0.177642	0.638079	0.084746	0.092279	0.502583	
37	0.643411	0.272040	0.000000	0.208696	0.491743	0.018568	0.037736	1.000000	0.000000	0.181470	0.650943	0.158192	0.093220	0.554244	
37	0.643411	0.254408	0.000000	0.195652	0.451988	0.090186	0.068396	1.000000	0.000000	0.162328	0.642367	0.175141	0.087571	0.468635	
37	0.674419	0.274559	0.000000	0.204348	0.518043	0.000000	0.048349	1.000000	0.000000	0.189127	0.663808	0.096045	0.096045	0.578598	
37	0.581395	0.216625	0.000000	0.221739	0.422630	0.045093	0.042453	1.000000	0.000000	0.206738	0.650086	0.124294	0.083804	0.508487	
37	0.596899	0.246851	0.000000	0.217391	0.419572	0.055703	0.031840	1.000000	0.000000	0.185299	0.638079	0.175141	0.087571	0.544649	
38	0.426357	0.015113	0.061224	0.191304	0.072171	0.217507	0.020047	0.472816	0.016000	0.078101	0.096913	0.242938	0.089454	0.460517	
38	0.488372	0.095718	0.000000	0.195652	0.084404	0.249337	0.057783	0.312621	0.092000	0.078101	0.098628	0.271186	0.082863	0.453137	
38	0.612403	0.163728	0.000000	0.269565	0.135780	0.461539	0.044811	0.303884	0.168000	0.135528	0.103774	0.197740	0.093220	0.464207	
38	0.472868	0.055416	0.122449	0.204348	0.105810	0.305040	0.097877	0.185437	0.024000	0.074273	0.084048	0.231638	0.115819	0.441328	
38	0.496124	0.100756	0.095238	0.213044	0.086239	0.257294	0.093160	0.350485	0.064000	0.070444	0.089194	0.254237	0.102637	0.460517	
38	0.550388	0.138539	0.037415	0.252174	0.085015	0.275862	0.053066	0.331068	0.004000	0.090352	0.079760	0.231638	0.090395	0.461993	
38	0.441861	0.055416	0.023810	0.230435	0.072783	0.225464	0.054245	0.368932	0.016000	0.090352	0.079760	0.220339	0.092279	0.471587	
38	0.604651	0.120907	0.000000	0.330435	0.082569	0.140584	0.009434	0.500971	0.000000	0.107963	0.103774	0.231638	0.085687	0.517343	
38	0.333333	0.052897	0.149660	0.226087	0.075229	0.145889	0.084906	0.326214	0.016000	0.080398	0.085763	0.225989	0.121469	0.484133	
38	0.193799	0.191436	0.227891	0.230435	0.078899	0.312997	0.099057	0.390291	0.096000	0.110260	0.090909	0.237288	0.100753	0.485609	
39	0.496124	0.493703	0.401361	0.173913	0.301529	0.201592	0.331368	0.666990	0.120000	0.037519	0.374786	0.067797	0.079096	0.461255	
39	0.511628	0.576826	0.414966	0.191304	0.444648	0.156499	0.275943	0.685437	0.000000	0.046708	0.346484	0.118644	0.064030	0.478967	
39	0.542636	0.559194	0.394558	0.156522	0.381651	0.265252	0.341981	0.652427	0.024000	0.081164	0.293311	0.112994	0.120527	0.459779	
39	0.558140	0.584383	0.282313	0.156522	0.447095	0.212202	0.347877	0.653398	0.000000	0.094181	0.266724	0.135593	0.139360	0.463469	
39	0.558140	0.551637	0.316327	0.160870	0.450153	0.169761	0.345519	0.661165	0.028000	0.060490	0.347341	0.079096	0.088512	0.462731	
39	0.534884	0.551637	0.360544	0.173913	0.357798	0.432361	0.373821	0.633010	0.148000	0.161562	0.307890	0.096045	0.101695	0.427306	
39	0.565891	0.634761	0.302721	0.152174	0.415291	0.265252	0.346698	0.663107	0.056000	0.092649	0.292453	0.096045	0.148776	0.433948	
39	0.581395	0.627204	0.295918	0.147826	0.524159	0.230769	0.351415	0.604854	0.024000	0.122512	0.108919	0.158192	0.154426	0.457565	
39	0.519380	0.612091	0.282313	0.156522	0.417737	0.225464	0.346698	0.635922	0.016000	0.098775	0.181818	0.141243	0.087571	0.453137	
39	0.410853	0.634761	0.227891	0.221739	0.450153	0.161804	0.331368	0.397087	0.000000	0.057427	0.079760	0.175141	0.134652	0.473063	
40	0.240310	0.357683	0.027211	0.195652	0.211621	0.763926	0.176887	0.234952	0.360000	0.399694	1.000000	0.355932	0.549906	1.000000	
40	0.217054	0.405542	0.098639	0.204348	0.183486	0.779841	0.169811	0.277670	0.328000	0.274119	1.000000	0.322034	0.478343	1.000000	
40	0.271318	0.294710	0.030612	0.182609	0.210398	0.891247	0.281840	0.332039	0.412000	0.503063	1.000000	0.621469	0.544256	1.000000	
40	0.286822	0.302267	0.000000	0.226087	0.211621	0.854111	0.231132	0.331068	0.416000	0.379020	1.000000	0.542373	0.521657	1.000000	
40	0.279070	0.347607	0.061224	0.186957	0.190826	0.864722	0.312500	0.313592	0.404000	0.558193	1.000000	0.689266	0.588512	1.000000	
40	0.193799	0.319899	0.119048	0.204348	0.189602	0.883289	0.291274	0.236893	0.356000	0.549770	1.000000	0.706215	0.600753	1.000000	
40	0.209302	0.408061	0.173469	0.282609	0.131499	0.721485	0.206368	0.036893	0.768000	0.152374	1.000000	0.401130	0.135593	1.000000	
40	0.139535	0.206549	0.044218	0.226087	0.173700	0.769231	0.181604	0.096117	0.784000	0.107198	1.000000	0.598870	0.129002	1.000000	
40	0.240310	0.405542	0.000000	0.204348	0.201835	0.811671	0.206368	0.077670	0.776000	0.112557	1.000000	0.598870	0.149718	1.000000	
40	0.302326	0.513854	0.064626	0.152174	0.160245	0.793104	0.165094	0.187379	0.808000	0.114855	1.000000	0.598870	0.124294	1.000000	
41	0.046512	0.156171	0.479592	0.086957	0.061774	0.623342	0.279481	0.812621	0.404000	0.213629	0.162950	0.175141	0.131827	0.461993	
41	0.162791	0.178841	0.554422	0.073913	0.080122	0.583554	0.321934	0.805825	0.464000	0.250383	0.084048	0.169492	0.129944	0.478967	
41	0.255814	0.146096	0.551020	0.073913	0.082569	0.694960	0.425708	0.720388	0.624000	0.333078	0.114923	0.112994	0.123352	0.434686	
41	0.093023	0.153652	0.472789	0.100000	0.055657	0.859416	0.350236	0.811651	0.480000	0.372894	0.048027	0.197740	0.071563	0.414022	
41	0.100775	0.181360	0.275510	0.130435	0.043425	0.657825	0.300708	0.631068	0.420000	0.300153	0.064322	0.186441	0.076271	0.412546	
41	0.341085	0.332494	0.758503	0.126087	0.054434	0.824934	0.333726	0.665049	0.620000	0.375957	0.048027	0.146893	0.111111	0.481919	
41	0.263566	0.201511	0.680272	0.104348	0.048930	0.838196	0.295991	0.702913	0.636000	0.316233	0.079760	0.135593	0.115819	0.439852	
41	0.426357	0.435768	0.836735	0.117391	0.067278	0.684350	0.337264	0.735922	0.640000	0.349158	0.048027	0.175141	0.112994	0.455351	
41	0.193799	0.156171	0.401361	0.100000	0.056269	0.726790	0.312500	0.725243	0.504000	0.340735	0.022298	0.169492	0.125235	0.427306	
41	0.170543	0.219144	0.462585	0.108696	0.047095	0.697613	0.271226	0.693204	0.416000	0.287136	0.035163	0.158192	0.126177	0.402214	
42	0.612403	0.440806	0.275510	0.213044	0.363303	0.371353	0.450472	0.658252	0.224000	0.110260	0.325901	0.033898	0.094162	0.384502	
42	0.449612	0.528967	0.272109	0.352174	0.391437	0.575597	0.396226	0.696117	0.312000	0.281776	0.286449	0.028249	0.068738	0.375646	
42	0.503876	0.539043	0.261905	0.413044	0.360245	0.453581	0.424528	0.605825	0.180000	0.194487	0.137221	0.073446	0.067797	0.397048	
42	0.581395	0.448363	0.204082	0.278261	0.388991	0.379310	0.500000	0.330097	0.208000	0.130169	0.047170	0.158192	0.079096	0.418450	
42	0.534884	0.508816	0.234694	0.426087	0.350459	0.549072	0.416274	0.627185	0.312000	0.226646	0.365352	0.028249	0.073446	0.400738	
42	0.589147	0.554156	0.238095	0.308696	0.246483	0.604775	0.433962	0.641748	0.376000	0.277182	0.310463	0.096045	0.102637	0.391882	
42	0.565891	0.576826	0.204082	0.234783	0.216514	0.567639	0.456368	0.594175	0.296000	0.277182	0.208405	0.073446	0.082863	0.388930	
42	0.457364	0.586902	0.234694	0.247826	0.332110	0.527852	0.390330	0.612621	0.276000	0.254977	0.188679	0.118644	0.102637	0.375646	
42	0.488372	0.637280	0.231293	0.173913	0.358410	0.411141	0.385613	0.577670	0.228000	0.165391	0.108919	0.124294	0.101695	0.383764	
42	0.488372	0.637280	0.261905	0.234783	0.346789	0.716180	0.395047	0.610680	0.308000	0.305513	0.063465	0.141243	0.108286	0.379336	