1	0.260000	0.265378	0.946429	0.477454	0.957481	1.000000	0.562810	0.201021	0.242038	0.976912	0.979887	0.596859	0.851618	0.298833	
1	0.380000	0.235501	0.930195	0.435013	0.961249	0.926995	0.635537	0.231653	0.280255	0.981963	0.986323	0.801047	0.853024	0.311284	
1	0.580000	0.272408	0.910714	0.265252	0.963402	0.977929	0.616529	0.223357	0.178344	0.971862	1.000000	0.722513	0.860760	0.316732	
1	0.450000	0.240773	0.913961	0.395226	0.965016	0.940577	0.642149	0.224633	0.280255	0.976912	1.000000	0.890052	0.861463	0.284825	
1	0.410000	0.260106	0.922078	0.411141	0.962863	0.971138	0.657851	0.236758	0.261147	0.981241	1.000000	0.937173	0.881153	0.251362	
1	0.500000	0.239016	0.907468	0.389920	0.954790	0.901528	0.594215	0.212508	0.245223	0.972583	1.000000	0.926702	0.872011	0.228794	
1	0.390000	0.254833	0.936688	0.374005	0.954790	0.950764	0.671074	0.216975	0.280255	0.970419	1.000000	0.910995	0.864979	0.254475	
1	0.200000	0.325132	0.952922	0.323607	0.967169	1.000000	0.778512	0.212508	0.353503	0.971140	0.990346	1.000000	0.863572	0.245136	
1	0.310000	0.253076	0.909091	0.493369	0.974166	1.000000	0.657851	0.208679	0.414013	0.979798	1.000000	0.973822	0.869198	0.250584	
1	0.230000	0.244288	0.897727	0.564987	0.972013	0.930391	0.680165	0.183153	0.783440	0.961039	0.971842	1.000000	0.852321	0.224125	
2	0.990000	0.112478	0.579545	1.000000	0.974704	0.769100	0.945455	0.934269	0.815287	0.953824	1.000000	0.848168	0.931786	0.453697	
2	1.000000	0.137083	0.564935	1.000000	0.969860	0.774194	0.909091	0.929802	0.799363	0.950217	1.000000	0.712042	0.971167	0.493385	
2	1.000000	0.137083	0.538961	1.000000	0.966093	0.736842	0.909917	0.898532	0.808917	0.956710	1.000000	0.816754	0.972574	0.456809	
2	1.000000	0.149385	0.551948	1.000000	0.971475	0.743633	0.923141	0.880026	0.812102	0.958153	1.000000	0.837696	0.973277	0.478599	
2	1.000000	0.158172	0.602273	1.000000	0.963402	0.735144	0.922314	0.880664	0.802548	0.964647	1.000000	0.759162	1.000000	0.508171	
2	1.000000	0.128295	0.555195	1.000000	0.963940	0.730051	0.919008	0.881940	0.805733	0.955989	1.000000	0.717278	0.951477	0.526848	
2	1.000000	0.114236	0.621753	1.000000	0.958558	0.736842	0.936364	0.883216	0.815287	0.960317	1.000000	0.774869	0.947961	0.505058	
2	1.000000	0.124780	0.592533	1.000000	0.963940	0.730051	0.934711	0.871729	0.815287	0.953824	1.000000	0.780105	0.947961	0.517510	
2	1.000000	0.087873	0.676948	1.000000	0.951561	0.719864	0.934711	0.867262	0.808917	0.958153	1.000000	0.732984	0.957103	0.521401	
2	1.000000	0.126538	0.586039	1.000000	0.965554	0.733447	0.954545	0.862795	0.824841	0.953824	1.000000	0.801047	0.936709	0.482490	
3	0.810000	0.073814	0.016234	0.432361	0.353068	0.950764	0.183471	0.589024	0.808917	0.253247	0.922768	0.649215	0.100563	0.135409	
3	0.770000	0.107206	0.047078	0.360743	0.293864	0.879457	0.319008	0.476707	0.745223	0.319625	0.844731	0.801047	0.089311	0.127627	
3	0.640000	0.091388	0.113636	0.572944	0.244887	0.816638	0.413223	0.393746	0.732484	0.451659	0.767498	0.701571	0.134318	0.040467	
3	0.690000	0.091388	0.034091	0.342175	0.249731	0.906621	0.257025	0.356733	0.732484	0.279942	0.789220	0.638744	0.106892	0.000000	
3	0.680000	0.098418	0.045455	0.384615	0.251346	0.942275	0.277686	0.330568	0.722930	0.310245	0.798069	0.544503	0.105485	0.000000	
3	0.640000	0.087873	0.038961	0.302387	0.286868	0.891341	0.242975	0.366943	0.697452	0.271284	0.822204	0.623037	0.106892	0.000000	
3	0.680000	0.114236	0.086039	0.249337	0.249731	0.826825	0.300827	0.322910	0.707006	0.339105	0.832663	0.612566	0.120956	0.065370	
3	0.620000	0.091388	0.061688	0.241379	0.273951	0.872666	0.224793	0.396299	0.713376	0.268398	0.854385	0.649215	0.107595	0.031907	
3	0.620000	0.075571	0.032468	0.347480	0.277718	0.952462	0.202479	0.391193	0.729299	0.245310	0.864039	0.670157	0.105485	0.000000	
3	0.670000	0.101933	0.076299	0.305040	0.312164	0.893039	0.253719	0.428207	0.697452	0.297980	0.868061	0.602094	0.112518	0.066926	
4	0.340000	0.323374	0.909091	0.111406	0.167384	0.928693	0.146281	0.075303	0.742038	0.198413	0.427192	0.371728	0.090014	0.000000	
4	0.300000	0.304042	0.688312	0.148541	0.224435	0.932088	0.196694	0.109126	0.726115	0.211400	0.484312	0.376963	0.107595	0.000000	
4	0.410000	0.214411	0.725649	0.153846	0.215285	0.926995	0.203306	0.092534	0.742038	0.216450	0.477876	0.387435	0.116737	0.000000	
4	0.300000	0.191564	0.714286	0.140584	0.223897	0.938879	0.223141	0.127632	0.719745	0.253968	0.510861	0.413613	0.127989	0.000000	
4	0.380000	0.191564	0.571429	0.193634	0.214209	0.957555	0.271901	0.132738	0.738854	0.265512	0.527755	0.429319	0.136428	0.000000	
4	0.370000	0.207381	0.676948	0.159151	0.229279	0.949066	0.255372	0.118698	0.735669	0.256854	0.580853	0.591623	0.130098	0.000000	
4	0.200000	0.226714	0.665584	0.153846	0.225511	0.916808	0.247934	0.163370	0.716561	0.276335	0.575221	0.544503	0.127286	0.000000	
4	0.240000	0.230229	0.704545	0.145889	0.217438	0.903226	0.228099	0.156988	0.713376	0.251804	0.556718	0.481675	0.127989	0.000000	
4	0.410000	0.191564	0.642857	0.135279	0.225511	0.913413	0.272727	0.141672	0.722930	0.273449	0.545455	0.523560	0.125879	0.000000	
4	0.280000	0.209139	0.649351	0.127321	0.191604	0.887946	0.223967	0.098915	0.732484	0.257576	0.522124	0.465969	0.118847	0.000000	
5	0.530000	0.289982	0.907468	0.604775	0.839613	1.000000	0.651240	0.851946	0.770701	0.834055	1.000000	0.842932	0.678622	0.357198	
5	0.440000	0.268893	0.923701	0.649867	0.820775	1.000000	0.802479	0.831525	0.808917	0.871573	1.000000	0.989529	0.787623	0.314397	
5	0.490000	0.260106	0.936688	0.631300	0.867061	1.000000	0.728099	0.823229	0.792994	0.867965	1.000000	0.973822	0.740506	0.349416	
5	0.460000	0.288225	0.933442	0.625995	0.878364	1.000000	0.738017	0.829611	0.792994	0.896104	1.000000	0.879581	0.749648	0.369650	
5	0.530000	0.289982	0.959416	0.673740	0.877287	0.658744	0.933058	0.822591	0.853503	0.950938	1.000000	0.989529	0.862869	0.345525	
5	0.500000	0.256591	0.936688	0.679045	0.877826	0.731749	0.952066	0.786216	0.853503	0.946609	1.000000	0.952880	0.828411	0.320623	
5	0.650000	0.279438	0.925325	0.641910	0.891281	1.000000	0.885950	0.817486	0.792994	0.931458	1.000000	0.958115	0.796765	0.362646	
5	0.670000	0.258348	0.920455	0.644562	0.875135	0.641766	0.921488	0.811104	0.828026	0.948773	1.000000	0.874346	0.843882	0.383658	
5	0.520000	0.260106	0.928571	0.721485	0.866523	0.573854	0.917355	0.798341	0.828026	0.955267	1.000000	0.879581	0.860760	0.390662	
5	0.590000	0.235501	0.939935	0.644562	0.866523	0.684211	0.928926	0.792597	0.831210	0.946609	1.000000	0.958115	0.811533	0.379767	
6	0.630000	0.237258	0.926948	0.424403	0.831001	0.847199	0.409917	0.229738	0.777070	0.429293	0.427192	0.434555	0.137834	0.000000	
6	0.710000	0.263620	0.917208	0.480106	0.882670	0.677419	0.403306	0.199745	0.659236	0.397547	0.370072	0.633508	0.140647	0.000000	
6	0.760000	0.231986	0.915584	0.458886	0.882131	0.663837	0.389256	0.189534	0.678344	0.375902	0.379727	0.602094	0.124473	0.000000	
6	0.810000	0.210896	0.912338	0.482759	0.801938	0.648557	0.365289	0.192725	0.751592	0.375180	0.293644	0.382199	0.123066	0.000000	
6	0.810000	0.246046	0.902597	0.490716	0.831539	0.624788	0.380165	0.184429	0.742038	0.373016	0.257442	0.455497	0.116737	0.000000	
6	0.760000	0.254833	0.938312	0.429708	0.890205	0.689304	0.360331	0.188258	0.742038	0.401876	0.275141	0.486911	0.123066	0.000000	
6	0.920000	0.240773	0.918831	0.440318	0.846071	0.626486	0.352893	0.142310	0.773885	0.373737	0.290426	0.403141	0.122363	0.000000	
6	0.810000	0.224956	0.918831	0.522546	0.699139	0.636672	0.419835	0.162731	0.742038	0.469697	0.344328	0.617801	0.128692	0.000000	
6	0.820000	0.284710	0.922078	0.368700	0.873520	0.638370	0.358678	0.162093	0.738854	0.358586	0.313757	0.424084	0.127989	0.000000	
6	0.740000	0.267135	0.952922	0.408488	0.837460	0.582343	0.338843	0.183791	0.742038	0.345599	0.390185	0.476440	0.118847	0.000000	
7	0.430000	0.490334	0.516234	0.636605	0.961787	0.553480	0.657851	0.848756	0.780255	0.878788	1.000000	0.863874	0.727145	0.385214	
7	0.330000	0.383128	0.616883	0.458886	0.956405	0.514431	0.529752	0.781749	0.735669	0.738817	1.000000	0.900524	0.519691	0.476265	
7	0.290000	0.369069	0.660714	0.543767	0.952637	0.536503	0.590083	0.779834	0.751592	0.739538	1.000000	0.952880	0.482419	0.404669	
7	0.300000	0.353251	0.615260	0.559682	0.946179	0.553480	0.591736	0.731334	0.748408	0.696248	1.000000	0.926702	0.291843	0.480934	
7	0.300000	0.383128	0.642857	0.538462	0.944026	0.528014	0.606612	0.771538	0.748408	0.758297	1.000000	0.963351	0.520394	0.372763	
7	0.280000	0.398946	0.654221	0.546419	0.936491	0.543294	0.608264	0.749202	0.748408	0.750361	1.000000	0.952880	0.445851	0.366537	
7	0.290000	0.405975	0.636364	0.522546	0.931647	0.539898	0.612397	0.746012	0.757962	0.752525	1.000000	0.952880	0.432490	0.340856	
7	0.270000	0.381371	0.709416	0.570292	0.935953	0.584041	0.652893	0.747288	0.767516	0.787879	1.000000	0.979058	0.488748	0.303502	
7	0.290000	0.390158	0.657468	0.564987	0.949408	0.517827	0.623141	0.786216	0.745223	0.743146	1.000000	0.952880	0.435302	0.373541	
7	0.240000	0.398946	0.689935	0.562334	0.947793	0.511036	0.624793	0.814933	0.764331	0.758297	1.000000	0.963351	0.485935	0.385992	
8	0.660000	0.084359	0.001623	0.265252	0.339074	0.820034	0.159504	0.208041	0.735669	0.217172	0.431215	0.560210	0.047820	0.000000	
8	0.750000	0.031634	0.066558	0.265252	0.391819	0.952462	0.127273	0.188258	0.726115	0.200577	0.382140	0.261780	0.028129	0.000000	
8	0.640000	0.073814	0.123377	0.233422	0.340689	0.872666	0.142975	0.161455	0.716561	0.212121	0.417538	0.272251	0.046414	0.000000	
8	0.590000	0.033392	0.047078	0.222812	0.396125	0.808149	0.166942	0.225909	0.659236	0.213564	0.481094	0.345550	0.041491	0.000000	
8	0.550000	0.049209	0.086039	0.188329	0.364909	0.831919	0.161984	0.190811	0.687898	0.205628	0.491553	0.240838	0.056259	0.000000	
8	0.550000	0.077329	0.094156	0.172414	0.382670	0.755518	0.277686	0.214423	0.684713	0.289322	0.603379	0.392670	0.078059	0.000000	
8	0.540000	0.114236	0.126623	0.193634	0.307320	0.826825	0.184298	0.109126	0.742038	0.217893	0.486726	0.314136	0.071730	0.000000	
8	0.540000	0.070299	0.073052	0.209549	0.390743	0.916808	0.105785	0.113593	0.748408	0.183983	0.487530	0.308901	0.067511	0.000000	
8	0.560000	0.045694	0.066558	0.201592	0.413886	0.786078	0.158678	0.201659	0.684713	0.217172	0.598552	0.293194	0.058369	0.000000	
8	0.550000	0.042179	0.042208	0.201592	0.379979	0.789474	0.190909	0.201659	0.681529	0.238095	0.567176	0.282723	0.070323	0.000000	
9	0.280000	0.386643	0.506494	0.533157	0.894510	0.495756	0.381818	0.689215	0.671975	0.628427	0.992760	0.298429	0.109705	0.000000	
9	0.240000	0.358524	0.542208	0.559682	0.913886	0.497453	0.423141	0.726229	0.608280	0.702020	1.000000	0.329843	0.146976	0.000000	
9	0.230000	0.346221	0.527597	0.557029	0.912810	0.509338	0.417355	0.742821	0.608280	0.655844	1.000000	0.272251	0.142757	0.000000	
9	0.270000	0.362039	0.553571	0.522546	0.906889	0.499151	0.406612	0.737077	0.668790	0.704906	1.000000	0.094241	0.154008	0.000000	
9	0.240000	0.370826	0.590909	0.509284	0.917653	0.488964	0.409091	0.768985	0.713376	0.667388	1.000000	0.198953	0.152602	0.000000	
9	0.240000	0.370826	0.579545	0.509284	0.906889	0.488964	0.401653	0.762604	0.710191	0.680375	1.000000	0.151833	0.155415	0.000000	
9	0.270000	0.384886	0.571429	0.522546	0.897201	0.497453	0.414876	0.756860	0.681529	0.739538	1.000000	0.188482	0.190577	0.000000	
9	0.260000	0.362039	0.561688	0.511936	0.899354	0.475382	0.395041	0.747926	0.697452	0.658730	1.000000	0.183246	0.153305	0.000000	
9	0.260000	0.370826	0.563312	0.525199	0.890205	0.499151	0.403306	0.735801	0.703822	0.708514	1.000000	0.324607	0.172996	0.001556	
9	0.300000	0.370826	0.551948	0.488064	0.892896	0.553480	0.400000	0.741544	0.681529	0.705628	1.000000	0.204189	0.180028	0.000000	
10	0.470000	0.068541	0.128247	0.172414	0.163079	0.797963	0.207438	0.156350	0.678344	0.264069	0.590507	0.387435	0.092827	0.000000	
10	0.430000	0.028120	0.064935	0.233422	0.170075	0.847199	0.223141	0.184429	0.691083	0.254690	0.601770	0.392670	0.090717	0.000000	
10	0.450000	0.072056	0.121753	0.212202	0.149623	0.843803	0.173554	0.174218	0.662420	0.232323	0.541432	0.450262	0.063291	0.000000	
10	0.450000	0.086116	0.103896	0.209549	0.151776	0.797963	0.250413	0.193363	0.675159	0.276335	0.551891	0.439791	0.087201	0.000000	
10	0.460000	0.075571	0.100649	0.209549	0.155544	0.772496	0.280165	0.192087	0.671975	0.295094	0.566372	0.486911	0.092124	0.000000	
10	0.480000	0.040422	0.068182	0.183024	0.140474	0.789474	0.246281	0.176133	0.675159	0.266234	0.576830	0.471204	0.087201	0.000000	
10	0.450000	0.061511	0.110390	0.161804	0.139935	0.760611	0.302479	0.190811	0.671975	0.301587	0.616251	0.565445	0.092827	0.000000	
10	0.480000	0.043937	0.076299	0.153846	0.140474	0.775891	0.266116	0.164008	0.671975	0.282828	0.607401	0.465969	0.086498	0.000000	
10	0.360000	0.142355	0.191558	0.188329	0.146394	0.774194	0.303306	0.186982	0.703822	0.303752	0.562349	0.465969	0.098453	0.000000	
10	0.440000	0.130053	0.175325	0.148541	0.128633	0.733447	0.303306	0.188258	0.700637	0.317460	0.576830	0.513089	0.097046	0.000000	
11	0.820000	0.087873	0.053571	0.514589	0.121636	0.704584	0.522314	0.608169	0.722930	0.920635	1.000000	0.513089	0.803094	0.237354	
11	0.810000	0.089631	0.086039	0.395226	0.125404	0.555178	0.535537	0.573070	0.697452	0.932900	1.000000	0.534031	0.750352	0.236576	
11	0.820000	0.140598	0.068182	0.864722	0.158235	0.651952	0.752066	0.644544	0.729299	0.953824	1.000000	0.780105	0.860056	0.242802	
11	0.860000	0.089631	0.032468	0.509284	0.106566	0.648557	0.534711	0.622208	0.735669	0.915584	1.000000	0.523560	0.777075	0.239689	
11	0.850000	0.101933	0.032468	0.580902	0.144241	0.629881	0.573554	0.610721	0.716561	0.926407	1.000000	0.502618	0.805907	0.230350	
11	0.840000	0.068541	0.037338	0.496021	0.104952	0.623090	0.563636	0.569879	0.726115	0.931458	1.000000	0.465969	0.741210	0.205448	
11	0.860000	0.072056	0.024351	0.572944	0.129171	0.616299	0.600826	0.566050	0.697452	0.931458	1.000000	0.596859	0.802391	0.216342	
11	0.970000	0.087873	0.061688	0.885942	0.171690	0.667233	0.747107	0.637524	0.745223	0.943723	1.000000	0.706806	0.844585	0.240467	
11	0.930000	0.091388	0.021104	0.633952	0.127018	0.626486	0.616529	0.601149	0.729299	0.930014	1.000000	0.691100	0.822082	0.237354	
11	1.000000	0.070299	0.032468	0.726790	0.153929	0.587436	0.684298	0.575622	0.732484	0.935786	1.000000	0.691100	0.841772	0.245914	
12	0.250000	0.363796	0.837662	0.076923	0.175458	0.174873	0.285950	0.114869	0.398089	0.341270	0.547868	1.000000	0.088608	0.212451	
12	0.300000	0.346221	0.849026	0.100796	0.195371	0.215620	0.200827	0.135929	0.305733	0.328283	0.629928	0.994764	0.131505	0.254475	
12	0.270000	0.344464	0.858766	0.018568	0.189451	0.237691	0.247934	0.148054	0.328026	0.360750	0.590507	1.000000	0.116034	0.312841	
12	0.260000	0.376098	0.834416	0.018568	0.194833	0.273345	0.263636	0.148692	0.353503	0.355700	0.602574	1.000000	0.120253	0.305837	
12	0.270000	0.363796	0.844156	0.007958	0.181916	0.254669	0.240496	0.149330	0.375796	0.347763	0.594529	0.958115	0.095640	0.308171	
12	0.250000	0.351494	0.839286	0.058355	0.191066	0.225806	0.192562	0.155712	0.302548	0.338384	0.598552	1.000000	0.154008	0.267704	
12	0.240000	0.346221	0.857143	0.031830	0.182454	0.261460	0.213223	0.155712	0.359873	0.342713	0.602574	0.989529	0.155415	0.259922	
12	0.260000	0.358524	0.826299	0.000000	0.181916	0.271647	0.228926	0.140396	0.554140	0.318903	0.606597	0.979058	0.123769	0.285603	
12	0.280000	0.362039	0.836039	0.000000	0.155005	0.300509	0.209917	0.129547	0.436306	0.319625	0.638777	0.963351	0.120956	0.315175	
12	0.310000	0.351494	0.826299	0.068966	0.174919	0.281834	0.169422	0.148054	0.436306	0.297258	0.634755	0.958115	0.141350	0.245136	
13	0.290000	0.335677	0.750000	0.238727	0.074273	0.803056	0.365289	0.213146	0.805733	0.870851	1.000000	1.000000	0.648383	0.163424	
13	0.140000	0.304042	0.732143	0.185676	0.131862	0.765705	0.346281	0.195916	0.656051	0.924242	1.000000	0.968586	0.775668	0.138521	
13	0.130000	0.302285	0.748377	0.236074	0.193757	0.797963	0.378512	0.177409	0.757962	0.921356	1.000000	1.000000	0.727145	0.148638	
13	0.080000	0.297012	0.764610	0.228117	0.177072	0.769100	0.376033	0.176771	0.773885	0.911255	1.000000	1.000000	0.674402	0.133074	
13	0.040000	0.302285	0.782468	0.273210	0.188913	0.721562	0.374380	0.234844	0.614650	0.929293	1.000000	1.000000	0.658931	0.150195	
13	0.070000	0.304042	0.788961	0.236074	0.170075	0.764007	0.354545	0.210594	0.713376	0.919913	1.000000	1.000000	0.661041	0.136965	
13	0.060000	0.305800	0.837662	0.230769	0.178687	0.733447	0.353719	0.179962	0.729299	0.870130	1.000000	1.000000	0.521097	0.089494	
13	0.070000	0.333919	0.819805	0.230769	0.134553	0.735144	0.343802	0.188896	0.719745	0.904762	1.000000	1.000000	0.644866	0.112841	
13	0.030000	0.286468	0.764610	0.320955	0.116792	0.762309	0.422314	0.198468	0.808917	0.889610	1.000000	1.000000	0.669480	0.110506	
13	0.060000	0.321617	0.847403	0.204244	0.099569	0.697793	0.354545	0.197830	0.767516	0.855700	1.000000	0.958115	0.646976	0.093385	
14	0.540000	0.235501	0.362013	0.578249	0.499462	0.494058	0.442149	0.192087	0.656051	0.646465	0.555913	0.853403	0.159634	0.000000	
14	0.330000	0.214411	0.399351	0.480106	0.680301	0.427844	0.411570	0.123803	0.624204	0.515873	0.589702	0.890052	0.130802	0.000000	
14	0.380000	0.193322	0.366883	0.530504	0.585038	0.516129	0.428099	0.151883	0.668790	0.597403	0.555913	0.753927	0.149789	0.000000	
14	0.370000	0.242531	0.422078	0.602122	0.753498	0.492360	0.420661	0.163370	0.570064	0.549784	0.522928	0.952880	0.145570	0.000000	
14	0.440000	0.231986	0.413961	0.596817	0.766954	0.511036	0.424793	0.164646	0.675159	0.587302	0.518101	0.848168	0.148383	0.000000	
14	0.410000	0.223199	0.488636	0.533157	0.831539	0.504245	0.404959	0.144225	0.703822	0.529582	0.518906	0.837696	0.142053	0.000000	
14	0.400000	0.226714	0.488636	0.466844	0.781486	0.422750	0.399174	0.117422	0.582803	0.480520	0.512470	0.910995	0.139241	0.000000	
14	0.470000	0.214411	0.501623	0.615385	0.841765	0.466893	0.409091	0.137205	0.691083	0.527417	0.514883	0.931937	0.139241	0.000000	
14	0.430000	0.207381	0.482143	0.551724	0.788482	0.512734	0.412397	0.166560	0.678344	0.520924	0.506034	0.842932	0.139241	0.000000	
14	0.430000	0.210896	0.493507	0.588859	0.830463	0.582343	0.438017	0.189534	0.681529	0.582251	0.518906	0.931937	0.158228	0.000000	
15	0.850000	0.068541	0.000000	0.366048	0.552745	1.000000	0.038843	0.226548	0.729299	0.147186	0.499598	0.324607	0.065401	0.000000	
15	0.580000	0.000000	0.000000	0.336870	0.571582	1.000000	0.046281	0.189534	0.735669	0.136364	0.476267	0.298429	0.064698	0.000000	
15	0.640000	0.094903	0.000000	0.366048	0.544672	1.000000	0.074380	0.192087	0.691083	0.124098	0.547868	0.350785	0.050633	0.000000	
15	0.540000	0.000000	0.000000	0.259947	0.549516	1.000000	0.052066	0.180600	0.719745	0.126263	0.540628	0.350785	0.067511	0.000000	
15	0.460000	0.000000	0.000000	0.278515	0.470937	1.000000	0.043802	0.167199	0.735669	0.129870	0.570394	0.413613	0.063994	0.000000	
15	0.360000	0.000000	0.000000	0.283820	0.604952	1.000000	0.072727	0.190172	0.732484	0.125541	0.645213	0.497382	0.049226	0.000000	
15	0.400000	0.086116	0.016234	0.148541	0.769107	1.000000	0.048760	0.211870	0.757962	0.132035	0.563958	0.507853	0.088608	0.000000	
15	0.430000	0.123023	0.108766	0.180371	0.638859	1.000000	0.037190	0.173580	0.754777	0.115440	0.520515	0.376963	0.094937	0.000000	
15	0.440000	0.131810	0.202922	0.228117	0.553821	1.000000	0.039669	0.181876	0.742038	0.114719	0.545455	0.465969	0.090717	0.000000	
15	0.290000	0.015817	0.012987	0.246684	0.488698	1.000000	0.028926	0.186343	0.738854	0.129870	0.554304	0.492147	0.069620	0.000000	
16	0.940000	0.637961	1.000000	0.724138	0.859526	0.516129	0.576860	0.560306	0.920382	0.771284	1.000000	1.000000	0.383263	0.253697	
16	0.890000	0.601055	1.000000	0.785146	0.862217	0.587436	0.657851	0.545629	0.904459	0.781385	1.000000	1.000000	0.412799	0.287938	
16	0.950000	0.620387	0.993507	0.729443	0.870829	0.548387	0.604132	0.545629	0.907643	0.764791	1.000000	1.000000	0.427567	0.241245	
16	0.850000	0.597540	0.988636	0.737401	0.867600	0.585739	0.647107	0.546905	0.914013	0.761905	1.000000	1.000000	0.402250	0.270817	
16	0.850000	0.604569	0.991883	0.676393	0.864909	0.594228	0.557851	0.541162	0.891720	0.747475	1.000000	1.000000	0.383263	0.245136	
16	1.000000	0.625659	1.000000	0.758621	0.875673	0.609508	0.671901	0.552010	0.920382	0.768398	1.000000	1.000000	0.409283	0.238132	
16	0.890000	0.601055	1.000000	0.705570	0.874596	0.577250	0.613223	0.560306	0.885350	0.746753	1.000000	1.000000	0.370605	0.233463	
16	0.810000	0.618629	1.000000	0.665783	0.845533	0.582343	0.588430	0.557116	0.850319	0.727273	1.000000	1.000000	0.362869	0.176654	
16	0.700000	0.569420	1.000000	0.681698	0.856835	0.599321	0.615703	0.573070	0.863057	0.739538	1.000000	1.000000	0.437412	0.184436	
16	0.630000	0.539543	1.000000	0.702918	0.840151	0.604414	0.629752	0.550096	0.885350	0.751082	1.000000	1.000000	0.390295	0.229572	
17	0.650000	0.114236	0.293831	0.363395	0.115178	0.913413	0.638843	0.595405	0.757962	0.915584	1.000000	0.664922	0.753868	0.245136	
17	0.870000	0.145870	0.404221	0.217507	0.150700	1.000000	0.715703	0.580728	0.754777	0.927128	1.000000	0.685864	0.733474	0.313619	
17	0.840000	0.154657	0.394481	0.318302	0.142627	1.000000	0.723967	0.590300	0.757962	0.935786	1.000000	0.753927	0.735584	0.320623	
17	0.830000	0.181019	0.397727	0.291777	0.160388	1.000000	0.700000	0.557116	0.729299	0.937230	1.000000	0.738220	0.721519	0.315175	
17	0.770000	0.103691	0.310065	0.366048	0.149085	1.000000	0.695868	0.553925	0.738854	0.933622	1.000000	0.727749	0.718706	0.314397	
17	0.850000	0.137083	0.334416	0.331565	0.138859	1.000000	0.710744	0.511806	0.710191	0.939394	1.000000	0.685864	0.732068	0.287160	
17	0.610000	0.098418	0.271104	0.631300	0.141012	0.998302	0.661157	0.574984	0.710191	0.947331	1.000000	0.780105	0.760197	0.308949	
17	0.800000	0.131810	0.334416	0.546419	0.131862	0.926995	0.659504	0.569241	0.732484	0.938672	1.000000	0.769634	0.736287	0.305837	
17	0.770000	0.121265	0.366883	0.509284	0.137244	1.000000	0.665289	0.569241	0.729299	0.930736	1.000000	0.706806	0.726442	0.302724	
17	0.730000	0.086116	0.293831	0.570292	0.131862	0.966044	0.652893	0.552010	0.719745	0.928571	1.000000	0.586388	0.744023	0.294942	
18	0.310000	0.444640	0.875000	0.233422	0.090420	0.697793	0.273554	0.292278	0.477707	0.721501	1.000000	0.743456	0.502813	0.190662	
18	0.100000	0.377856	0.881494	0.217507	0.165231	0.787776	0.261984	0.247607	0.484076	0.790765	1.000000	0.780105	0.551336	0.206226	
18	0.220000	0.418278	0.870130	0.212202	0.187836	0.692700	0.288430	0.293555	0.538217	0.812410	1.000000	0.806283	0.516878	0.209339	
18	0.160000	0.418278	0.896104	0.153846	0.165231	0.711375	0.284298	0.338864	0.515924	0.764791	1.000000	0.748691	0.540788	0.209339	
18	0.140000	0.425308	0.902597	0.127321	0.177610	0.724958	0.279339	0.298022	0.468153	0.739538	1.000000	0.638744	0.578762	0.214786	
18	0.160000	0.404218	0.887987	0.053050	0.202906	0.701188	0.266942	0.285258	0.461783	0.754690	1.000000	0.680628	0.533755	0.218677	
18	0.100000	0.397188	0.884740	0.151194	0.174919	0.704584	0.275207	0.324186	0.449045	0.764791	1.000000	0.680628	0.584388	0.200000	
18	0.110000	0.402461	0.900974	0.122016	0.195371	0.704584	0.277686	0.333759	0.468153	0.772006	1.000000	0.696335	0.605485	0.200000	
18	0.060000	0.379613	0.915584	0.129974	0.191066	0.740238	0.275207	0.259094	0.442675	0.735931	1.000000	0.691100	0.591421	0.202335	
18	0.150000	0.414763	0.930195	0.124668	0.167923	0.733447	0.266116	0.250798	0.484076	0.666667	1.000000	0.596859	0.529536	0.200778	
19	0.450000	0.342707	0.939935	0.684350	0.143703	0.168082	0.349587	0.193363	0.375796	0.957431	1.000000	0.952880	0.785513	0.193774	
19	0.400000	0.319859	0.949675	0.554377	0.203445	0.125637	0.347107	0.194001	0.423567	0.956710	1.000000	0.916230	0.788326	0.209339	
19	0.400000	0.326889	0.943182	0.583554	0.227126	0.113752	0.352893	0.186982	0.487261	0.951659	1.000000	0.905759	0.800985	0.216342	
19	0.410000	0.304042	0.939935	0.594164	0.236276	0.183362	0.380165	0.193363	0.464968	0.948773	1.000000	0.910995	0.791843	0.196109	
19	0.440000	0.279438	0.931818	0.557029	0.238967	0.210526	0.376860	0.173580	0.480892	0.943723	1.000000	0.869110	0.770746	0.187549	
19	0.410000	0.277680	0.928571	0.604775	0.241120	0.263158	0.399174	0.191449	0.452229	0.941558	1.000000	0.874346	0.780591	0.180545	
19	0.430000	0.286468	0.930195	0.538462	0.241120	0.286927	0.380992	0.197830	0.445860	0.939394	1.000000	0.863874	0.758790	0.162646	
19	0.410000	0.289982	0.923701	0.604775	0.244349	0.252971	0.397521	0.179324	0.442675	0.940116	1.000000	0.900524	0.791139	0.168872	
19	0.450000	0.298770	0.939935	0.477454	0.252422	0.142615	0.364463	0.155712	0.436306	0.950217	1.000000	0.921466	0.784810	0.192218	
19	0.410000	0.293497	0.935065	0.636605	0.244349	0.198642	0.399174	0.156988	0.490446	0.943001	1.000000	0.895288	0.779888	0.178988	
20	0.010000	0.451670	0.991883	0.090186	0.101184	0.991511	0.349587	0.282706	0.449045	0.331169	1.000000	0.518325	0.167370	0.294942	
20	0.120000	0.465729	1.000000	0.074271	0.115178	0.918506	0.238843	0.297384	0.356688	0.234488	1.000000	0.465969	0.130802	0.346304	
20	0.020000	0.418278	1.000000	0.098143	0.142088	0.947368	0.243802	0.329930	0.318471	0.310967	1.000000	0.497382	0.180731	0.277043	
20	0.040000	0.427065	1.000000	0.074271	0.128095	0.943973	0.266116	0.328654	0.299363	0.365079	1.000000	0.486911	0.201125	0.283269	
20	0.030000	0.430580	1.000000	0.068966	0.111410	0.959253	0.221488	0.336950	0.277070	0.268398	1.000000	0.387435	0.142053	0.382101	
20	0.030000	0.435852	1.000000	0.066313	0.103875	0.998302	0.247107	0.317167	0.273885	0.322511	1.000000	0.497382	0.177918	0.279377	
20	0.080000	0.437610	1.000000	0.055703	0.115178	0.977929	0.233058	0.315252	0.267516	0.298701	1.000000	0.544503	0.163151	0.270817	
20	0.070000	0.432337	1.000000	0.061008	0.090958	0.981324	0.231405	0.288449	0.283440	0.387446	1.000000	0.544503	0.247539	0.252918	
20	0.080000	0.404218	1.000000	0.061008	0.087729	1.000000	0.253719	0.332483	0.232484	0.358586	1.000000	0.602094	0.203235	0.245914	
20	0.010000	0.407733	1.000000	0.066313	0.101184	0.932088	0.223141	0.317167	0.359873	0.347042	1.000000	0.617801	0.222222	0.192996	
21	0.500000	0.240773	0.413961	0.129974	0.612487	0.738540	0.501653	0.430121	0.665605	0.623377	1.000000	0.801047	0.235584	0.267704	
21	0.260000	0.217926	0.595779	0.129974	0.458558	0.920204	0.398347	0.446075	0.697452	0.657287	1.000000	0.539267	0.433896	0.244358	
21	0.310000	0.254833	0.628247	0.129974	0.655544	0.648557	0.455372	0.417996	0.656051	0.833333	1.000000	0.602094	0.537271	0.243580	
21	0.260000	0.244288	0.608766	0.114058	0.643165	0.577250	0.427273	0.418634	0.684713	0.639250	1.000000	0.623037	0.419831	0.245914	
21	0.300000	0.253076	0.600649	0.111406	0.637783	0.592530	0.452066	0.414167	0.652866	0.844156	1.000000	0.638744	0.573840	0.242802	
21	0.250000	0.240773	0.625000	0.103448	0.677610	0.434635	0.423967	0.380345	0.697452	0.735209	1.000000	0.680628	0.511955	0.237354	
21	0.370000	0.249561	0.516234	0.151194	0.631324	0.429542	0.414876	0.334397	0.691083	0.714286	1.000000	0.643979	0.504923	0.236576	
21	0.330000	0.281195	0.576299	0.029178	0.607643	0.407470	0.369422	0.449266	0.748408	0.687590	1.000000	0.581152	0.504923	0.243580	
21	0.310000	0.237258	0.488636	0.090186	0.616792	0.494058	0.366942	0.380345	0.687898	0.668831	1.000000	0.602094	0.440928	0.243580	
21	0.370000	0.251318	0.550325	0.050398	0.602799	0.444822	0.335537	0.384812	0.687898	0.620491	1.000000	0.581152	0.324191	0.259144	
22	0.780000	0.112478	0.375000	0.488064	0.303552	0.556876	0.454546	0.339502	0.668790	0.794372	1.000000	0.921466	0.241210	0.070817	
22	0.780000	0.149385	0.504870	0.543767	0.270721	0.563667	0.449587	0.354818	0.668790	0.789322	1.000000	0.926702	0.229958	0.060700	
22	0.760000	0.131810	0.425325	0.379310	0.282562	0.567063	0.381818	0.356094	0.665605	0.671717	1.000000	0.895288	0.169480	0.086381	
22	0.810000	0.149385	0.418831	0.320955	0.281486	0.589134	0.377686	0.334397	0.694268	0.692641	1.000000	0.753927	0.154008	0.133074	
22	0.750000	0.133568	0.417208	0.233422	0.328310	0.572156	0.368595	0.349075	0.671975	0.681818	1.000000	0.801047	0.156821	0.128405	
22	0.660000	0.173990	0.456169	0.273210	0.306782	0.568761	0.372727	0.326101	0.684713	0.674603	1.000000	0.884817	0.168776	0.075486	
22	0.640000	0.166960	0.464286	0.209549	0.356835	0.577250	0.365289	0.357371	0.678344	0.642857	1.000000	0.801047	0.139241	0.147860	
22	0.660000	0.151142	0.430195	0.177719	0.440797	0.599321	0.356198	0.365667	0.687898	0.663059	1.000000	0.853403	0.208861	0.087938	
22	0.720000	0.131810	0.402597	0.249337	0.324004	0.585739	0.371074	0.350351	0.694268	0.685426	1.000000	0.869110	0.170183	0.105837	
22	0.680000	0.145870	0.391234	0.201592	0.342842	0.609508	0.358678	0.351627	0.697452	0.676768	1.000000	0.806283	0.175809	0.089494	
23	0.660000	0.156415	0.642857	0.145889	0.182454	0.831919	0.229752	0.144225	0.713376	0.305195	0.847949	0.617801	0.111111	0.000000	
23	0.430000	0.091388	0.745130	0.114058	0.163617	0.865874	0.179339	0.156350	0.691083	0.305916	0.814159	0.413613	0.125176	0.000000	
23	0.800000	0.128295	0.551948	0.148541	0.134553	0.843803	0.246281	0.140396	0.691083	0.329726	0.832663	0.560210	0.120956	0.000000	
23	0.710000	0.110721	0.594156	0.132626	0.129171	0.872666	0.228099	0.139758	0.694268	0.317460	0.809332	0.591623	0.120956	0.000000	
23	0.590000	0.158172	0.641234	0.124668	0.124327	0.848896	0.231405	0.141672	0.687898	0.320346	0.803701	0.638744	0.121660	0.000000	
23	0.550000	0.189807	0.712662	0.119363	0.131324	0.830221	0.234711	0.142948	0.681529	0.326118	0.798874	0.633508	0.121660	0.000778	
23	0.580000	0.152900	0.620130	0.116711	0.143165	0.862479	0.190909	0.133376	0.678344	0.294372	0.763476	0.481675	0.115331	0.000000	
23	0.530000	0.138840	0.649351	0.122016	0.124865	0.847199	0.250413	0.156350	0.671975	0.310245	0.729686	0.628272	0.120253	0.000000	
23	0.470000	0.105448	0.759740	0.106101	0.173305	0.865874	0.210744	0.156350	0.691083	0.304473	0.790829	0.591623	0.111111	0.000000	
23	0.350000	0.077329	0.894481	0.090186	0.140474	0.845501	0.209091	0.160179	0.691083	0.320346	0.781175	0.534031	0.118847	0.000000	
24	0.800000	0.096661	0.331169	1.000000	0.901507	0.582343	0.880992	0.596043	0.767516	0.962482	1.000000	0.832461	0.686357	0.010895	
24	0.580000	0.110721	0.725649	0.846154	0.920883	0.575552	0.842975	0.614550	0.754777	0.963925	1.000000	0.806283	0.701125	0.036576	
24	0.630000	0.091388	0.853896	0.795756	0.925727	0.573854	0.802479	0.632419	0.738854	0.965368	1.000000	0.696335	0.708861	0.034241	
24	0.670000	0.137083	0.725649	0.843501	0.921959	0.580645	0.819835	0.624123	0.735669	0.963925	1.000000	0.790576	0.763713	0.024125	
24	0.570000	0.103691	0.657468	0.875332	0.924650	0.582343	0.847107	0.627952	0.767516	0.972583	1.000000	0.905759	0.742616	0.009339	
24	0.260000	0.144113	0.284091	0.801061	0.917653	0.538200	0.785124	0.615826	0.745223	0.971140	1.000000	0.890052	0.652602	0.007004	
24	0.470000	0.130053	0.610390	0.827586	0.921421	0.587436	0.834711	0.594767	0.748408	0.976912	1.000000	0.811518	0.754571	0.025681	
24	0.280000	0.087873	0.336039	0.763926	0.900431	0.580645	0.791736	0.615188	0.729299	0.976912	1.000000	0.884817	0.699016	0.017899	
24	0.340000	0.077329	0.275974	0.809019	0.914424	0.582343	0.797521	0.611997	0.732484	0.975469	1.000000	0.837696	0.724332	0.018677	
24	0.570000	0.100176	0.469156	0.867374	0.878902	0.606112	0.849587	0.583918	0.757962	0.979798	1.000000	0.827225	0.751758	0.045136	
25	0.470000	0.362039	0.974026	0.689655	0.868676	0.105263	0.391736	0.611359	0.525478	0.903319	1.000000	0.973822	0.842475	0.287938	
25	0.370000	0.326889	0.977273	0.679045	0.918730	0.278438	0.364463	0.590300	0.649682	0.908369	1.000000	0.968586	0.780591	0.271595	
25	0.250000	0.302285	0.985390	0.681698	0.895587	0.042445	0.405785	0.576260	0.789809	0.832612	1.000000	1.000000	0.730661	0.249806	
25	0.290000	0.282953	0.980520	0.700265	0.871367	0.005093	0.478512	0.571793	0.815287	0.844156	1.000000	1.000000	0.708861	0.241245	
25	0.260000	0.268893	0.969156	0.692308	0.863832	0.020374	0.514876	0.559668	0.796178	0.859307	1.000000	1.000000	0.733474	0.231128	
25	0.230000	0.228471	0.944805	0.681698	0.853606	0.008489	0.507438	0.566688	0.761147	0.840548	1.000000	1.000000	0.697609	0.208560	
25	0.440000	0.263620	0.961039	0.708223	0.889128	0.105263	0.503306	0.539247	0.703822	0.821068	1.000000	1.000000	0.632911	0.181323	
25	0.410000	0.270650	0.951299	0.705570	0.875135	0.130730	0.523141	0.540523	0.687898	0.852092	1.000000	1.000000	0.690577	0.212451	
25	0.500000	0.289982	0.948052	0.734748	0.881593	0.108659	0.496694	0.551372	0.738854	0.848485	1.000000	0.984293	0.714487	0.196109	
25	0.430000	0.347979	0.978896	0.779841	0.869214	0.112054	0.529752	0.516911	0.742038	0.888167	1.000000	1.000000	0.789030	0.208560	
26	0.470000	0.212654	0.532468	0.429708	0.446717	0.488964	0.387603	0.107211	0.595541	0.458875	0.710378	0.586388	0.170183	0.000000	
26	0.450000	0.189807	0.532468	0.411141	0.427880	0.415959	0.386777	0.135929	0.538217	0.512987	0.702333	0.748691	0.172293	0.000000	
26	0.470000	0.195079	0.602273	0.389920	0.464478	0.455009	0.375207	0.133376	0.509554	0.491342	0.676589	0.832461	0.161041	0.000000	
26	0.370000	0.193322	0.592533	0.464191	0.448332	0.539898	0.385950	0.183791	0.592357	0.572872	0.685439	0.821990	0.160338	0.000000	
26	0.400000	0.165202	0.592533	0.413793	0.462863	0.407470	0.383471	0.160817	0.506369	0.497836	0.630732	0.869110	0.154008	0.000000	
26	0.460000	0.147627	0.521104	0.615385	0.417653	0.468591	0.398347	0.164646	0.468153	0.595238	0.638777	0.921466	0.184248	0.000000	
26	0.290000	0.179262	0.665584	0.249337	0.606566	0.468591	0.337190	0.181876	0.471338	0.458153	0.668544	0.811518	0.169480	0.000000	
26	0.310000	0.191564	0.633117	0.392573	0.491927	0.466893	0.371901	0.176771	0.487261	0.497836	0.678198	0.895288	0.172293	0.000000	
26	0.400000	0.184534	0.543831	0.612732	0.425188	0.550085	0.400000	0.167199	0.646497	0.611111	0.661303	0.848168	0.174402	0.000000	
26	0.540000	0.135325	0.534091	0.519894	0.330463	0.519525	0.428926	0.146139	0.633758	0.686147	0.708769	0.780105	0.176512	0.000000	
27	0.360000	0.149385	0.803571	0.809019	0.951561	0.614601	0.610744	0.587747	0.710191	0.857864	1.000000	0.947644	0.559775	0.327627	
27	0.280000	0.181019	0.777597	0.835544	0.965554	0.660441	0.497521	0.568602	0.754777	0.717893	1.000000	0.973822	0.305204	0.399222	
27	0.300000	0.123023	0.991883	0.798409	0.959634	0.624788	0.562810	0.569879	0.729299	0.824675	1.000000	0.979058	0.545007	0.365759	
27	0.270000	0.070299	0.941558	0.893899	0.958558	0.646859	0.812397	0.575622	0.773885	0.906205	1.000000	0.968586	0.664557	0.356420	
27	0.320000	0.096661	0.998377	0.856764	0.957481	0.662139	0.700000	0.573070	0.770701	0.834776	1.000000	0.994764	0.594234	0.367315	
27	0.260000	0.105448	0.961039	0.854111	0.958019	0.640068	0.634711	0.599872	0.764331	0.832612	1.000000	0.984293	0.597750	0.391440	
27	0.290000	0.154657	0.909091	0.832891	0.952099	0.628183	0.777686	0.592214	0.777070	0.878788	1.000000	0.979058	0.654712	0.397665	
27	0.480000	0.147627	0.961039	0.830239	0.948870	0.607810	0.778512	0.613274	0.777070	0.910534	1.000000	0.937173	0.682138	0.415564	
27	0.320000	0.126538	0.917208	0.883289	0.949946	0.636672	0.833884	0.565412	0.812102	0.878788	1.000000	0.994764	0.659634	0.358755	
27	0.290000	0.135325	0.819805	0.970822	0.959634	0.707980	0.833884	0.596682	0.783440	0.891053	1.000000	0.979058	0.691280	0.396109	
28	0.290000	0.256591	0.530844	0.381963	0.146394	1.000000	0.411570	0.370772	0.700637	0.450938	0.961384	0.858639	0.116034	0.122179	
28	0.320000	0.247803	0.540584	0.363395	0.192680	1.000000	0.421488	0.343969	0.694268	0.471862	0.973451	0.931937	0.118144	0.089494	
28	0.440000	0.212654	0.469156	0.374005	0.186222	1.000000	0.417355	0.359923	0.703822	0.508658	0.967820	0.921466	0.122363	0.074708	
28	0.470000	0.207381	0.425325	0.358090	0.135092	1.000000	0.431405	0.348437	0.703822	0.489899	0.972647	0.921466	0.120956	0.069261	
28	0.410000	0.198594	0.454546	0.366048	0.178687	1.000000	0.427273	0.364391	0.700637	0.503608	0.982301	0.937173	0.126582	0.070039	
28	0.480000	0.196837	0.410714	0.381963	0.150700	1.000000	0.427273	0.338864	0.694268	0.515873	0.952534	0.916230	0.123066	0.068482	
28	0.500000	0.175747	0.402597	0.318302	0.191066	0.923599	0.417355	0.345884	0.694268	0.510823	0.954143	0.916230	0.123769	0.070039	
28	0.490000	0.184534	0.399351	0.336870	0.180840	1.000000	0.429752	0.344608	0.697452	0.523088	0.962993	0.958115	0.139241	0.062257	
28	0.460000	0.186292	0.436688	0.222812	0.201292	0.837012	0.410744	0.350989	0.684713	0.538961	0.976669	0.905759	0.148383	0.065370	
28	0.530000	0.166960	0.370130	0.222812	0.156082	0.782683	0.408265	0.328654	0.668790	0.554113	0.949316	0.890052	0.135724	0.070039	
29	0.920000	0.339192	1.000000	0.047745	0.181378	0.920204	0.232231	0.154435	0.710191	0.300144	0.663717	0.408377	0.098453	0.000000	
29	0.430000	0.233743	1.000000	0.100796	0.204521	0.881155	0.238017	0.144225	0.668790	0.285714	0.654063	0.345550	0.124473	0.000000	
29	0.370000	0.154657	1.000000	0.063660	0.206674	0.887946	0.234711	0.160179	0.681529	0.325397	0.638777	0.455497	0.126582	0.000000	
29	0.370000	0.205624	1.000000	0.066313	0.187836	0.908319	0.233058	0.168475	0.687898	0.346320	0.650040	0.455497	0.127989	0.000000	
29	0.340000	0.156415	1.000000	0.066313	0.211518	0.867572	0.240496	0.154435	0.671975	0.332612	0.631537	0.481675	0.126582	0.000000	
29	0.300000	0.219684	0.967533	0.090186	0.189451	0.894737	0.266116	0.155712	0.675159	0.322511	0.666130	0.596859	0.123066	0.000000	
29	0.340000	0.166960	1.000000	0.076923	0.208289	0.901528	0.233058	0.126356	0.703822	0.305195	0.631537	0.591623	0.117440	0.000000	
29	0.280000	0.207381	0.974026	0.092838	0.176534	0.896435	0.268595	0.147415	0.691083	0.323954	0.679807	0.685864	0.120956	0.000000	
29	0.290000	0.200352	1.000000	0.082228	0.170614	0.887946	0.274380	0.151244	0.691083	0.336941	0.676589	0.722513	0.128692	0.000000	
29	0.290000	0.226714	0.985390	0.098143	0.158235	0.887946	0.291736	0.164646	0.681529	0.321789	0.695093	0.764398	0.123769	0.000000	
30	0.250000	0.202109	0.537338	0.204244	0.573197	0.363328	0.268595	0.340779	0.716561	0.215729	1.000000	0.811518	0.040084	0.526848	
30	0.320000	0.159930	0.535714	0.251989	0.629709	0.473684	0.291736	0.317167	0.684713	0.287157	0.958166	0.816754	0.089311	0.315953	
30	0.300000	0.156415	0.599026	0.185676	0.727664	0.375212	0.265289	0.319719	0.656051	0.249639	1.000000	0.706806	0.066807	0.507393	
30	0.560000	0.130053	0.720779	0.196287	0.842842	0.561970	0.222314	0.399490	0.687898	0.283550	1.000000	0.659686	0.087904	0.440467	
30	0.550000	0.133568	0.719156	0.241379	0.851453	0.636672	0.237190	0.326739	0.649682	0.274892	0.977474	0.685864	0.093530	0.252918	
30	0.550000	0.130053	0.748377	0.193634	0.816469	0.402377	0.206612	0.333121	0.671975	0.276335	0.999196	0.738220	0.105485	0.530739	
30	0.470000	0.147627	0.681818	0.193634	0.778794	0.480475	0.253719	0.336950	0.652866	0.284271	0.982301	0.759162	0.081575	0.394553	
30	0.380000	0.152900	0.654221	0.161804	0.729279	0.298812	0.247107	0.339502	0.605096	0.243146	1.000000	0.837696	0.055556	0.430350	
30	0.460000	0.138840	0.706169	0.132626	0.748116	0.251273	0.234711	0.329292	0.579618	0.242424	1.000000	0.848168	0.054852	0.494942	
30	0.300000	0.181019	0.581169	0.190981	0.714209	0.348048	0.272727	0.345246	0.614650	0.269841	1.000000	0.827225	0.081575	0.526848	
31	0.630000	0.226714	0.483766	0.198939	0.118407	0.599321	0.322314	0.433950	0.633758	0.557720	1.000000	0.649215	0.105485	0.143969	
31	0.600000	0.223199	0.456169	0.106101	0.169537	0.512734	0.325620	0.426292	0.627389	0.638528	0.988737	0.424084	0.099859	0.315953	
31	0.510000	0.275923	0.493507	0.106101	0.206136	0.488964	0.319008	0.434588	0.636943	0.700577	0.996782	0.460733	0.107595	0.233463	
31	0.430000	0.291740	0.511364	0.124668	0.235199	0.553480	0.353719	0.405233	0.636943	0.574315	0.993564	0.685864	0.105485	0.188327	
31	0.570000	0.216169	0.482143	0.132626	0.221206	0.483871	0.334711	0.370772	0.640127	0.604618	0.974256	0.513089	0.101969	0.217899	
31	0.590000	0.196837	0.482143	0.108753	0.194833	0.477080	0.329752	0.371410	0.652866	0.674603	0.971038	0.371728	0.101266	0.329961	
31	0.530000	0.228471	0.517857	0.273210	0.236276	0.446520	0.375207	0.422463	0.662420	0.756133	0.985519	0.387435	0.160338	0.225681	
31	0.620000	0.175747	0.462662	0.103448	0.233046	0.509338	0.346281	0.371410	0.636943	0.601732	0.982301	0.675393	0.106892	0.193774	
31	0.560000	0.156415	0.379870	0.135279	0.180301	0.573854	0.369422	0.400766	0.643312	0.658009	0.917940	0.434555	0.104782	0.392996	
31	0.560000	0.244288	0.436688	0.061008	0.198062	0.563667	0.334711	0.395022	0.684713	0.645022	0.974256	0.382199	0.100563	0.387549	
32	0.570000	0.128295	0.409091	0.456233	0.089343	0.511036	0.519835	0.646458	0.633758	0.916306	1.000000	0.418848	0.677215	0.298055	
32	0.560000	0.077329	0.444805	0.488064	0.090958	0.543294	0.547934	0.630504	0.652866	0.900433	1.000000	0.596859	0.728551	0.266926	
32	0.360000	0.098418	0.628247	0.519894	0.045210	0.565365	0.538017	0.586471	0.643312	0.910534	1.000000	0.623037	0.755978	0.321401	
32	0.480000	0.100176	0.501623	0.503979	0.081270	0.570458	0.551240	0.596043	0.659236	0.904762	1.000000	0.575916	0.737693	0.301167	
32	0.460000	0.080844	0.500000	0.596817	0.084499	0.587436	0.597521	0.597320	0.671975	0.938672	1.000000	0.675393	0.775668	0.284047	
32	0.470000	0.135325	0.488636	0.623342	0.079117	0.607810	0.636364	0.591576	0.684713	0.941558	1.000000	0.659686	0.787623	0.295720	
32	0.450000	0.077329	0.452922	0.567639	0.092034	0.585739	0.581818	0.581366	0.668790	0.927850	1.000000	0.617801	0.764416	0.288716	
32	0.430000	0.138840	0.488636	0.591512	0.086114	0.599321	0.607438	0.589662	0.684713	0.935065	1.000000	0.675393	0.781997	0.294163	
32	0.470000	0.094903	0.459416	0.557029	0.090420	0.585739	0.583471	0.596682	0.671975	0.926407	1.000000	0.612566	0.765120	0.286381	
32	0.500000	0.175747	0.478896	0.599470	0.089882	0.628183	0.627273	0.620932	0.710191	0.937230	1.000000	0.638744	0.786920	0.273152	
33	0.550000	0.158172	0.449675	0.557029	0.234661	0.592530	0.622314	0.320357	0.668790	0.901154	0.779566	0.989529	0.646976	0.126848	
33	0.700000	0.135325	0.446429	0.533157	0.127557	0.573854	0.566116	0.239949	0.735669	0.867965	0.841512	0.921466	0.453587	0.069261	
33	0.610000	0.158172	0.493507	0.525199	0.135092	0.570458	0.564463	0.297384	0.665605	0.896825	0.829445	0.942408	0.577356	0.091829	
33	0.610000	0.131810	0.446429	0.517241	0.166846	0.560272	0.565289	0.291002	0.694268	0.897547	0.835881	0.931937	0.575246	0.081712	
33	0.530000	0.161687	0.469156	0.498674	0.144779	0.572156	0.537190	0.289726	0.700637	0.903319	0.828640	0.926702	0.533052	0.084047	
33	0.540000	0.152900	0.452922	0.503979	0.167923	0.587436	0.543802	0.283982	0.726115	0.900433	0.834272	0.890052	0.511252	0.080934	
33	0.600000	0.133568	0.389610	0.466844	0.229817	0.567063	0.529752	0.306318	0.694268	0.900433	0.849558	0.921466	0.514065	0.072374	
33	0.640000	0.137083	0.402597	0.464191	0.192680	0.577250	0.529752	0.293555	0.697452	0.893939	0.843926	0.916230	0.494374	0.075486	
33	0.570000	0.142355	0.392857	0.440318	0.196986	0.558574	0.517355	0.290364	0.732484	0.880231	0.872888	0.900524	0.383263	0.087938	
33	0.640000	0.135325	0.340909	0.424403	0.232508	0.565365	0.510744	0.326739	0.710191	0.880231	0.884956	0.921466	0.439522	0.093385	
34	0.500000	0.175747	1.000000	0.859416	0.098493	0.884550	0.647107	0.197192	0.777070	0.888167	0.709574	0.994764	0.472574	0.026459	
34	0.410000	0.168717	0.913961	0.785146	0.104413	0.889644	0.539669	0.186343	0.754777	0.671717	0.620274	0.952880	0.227145	0.000000	
34	0.460000	0.163445	0.956169	0.803714	0.093649	0.825127	0.595868	0.190172	0.761147	0.765512	0.660499	1.000000	0.306610	0.000000	
34	0.360000	0.154657	0.922078	0.790451	0.063509	0.730051	0.598347	0.188896	0.777070	0.800866	0.632341	1.000000	0.336850	0.000000	
34	0.380000	0.161687	0.957792	0.533157	0.047363	0.814941	0.458678	0.157626	0.742038	0.485570	0.609011	0.926702	0.136428	0.000000	
34	0.340000	0.151142	0.926948	0.803714	0.033907	0.719864	0.595868	0.190811	0.767516	0.813853	0.596138	1.000000	0.340366	0.000000	
34	0.270000	0.123023	0.860390	0.628647	0.032831	0.730051	0.541322	0.174856	0.767516	0.610390	0.568785	0.984293	0.206048	0.000000	
34	0.270000	0.114236	0.766234	0.753316	0.036598	0.685908	0.590083	0.182514	0.767516	0.763348	0.580853	1.000000	0.286920	0.000000	
34	0.260000	0.123023	0.771104	0.583554	0.055436	0.721562	0.537190	0.181238	0.764331	0.652958	0.606597	0.963351	0.216596	0.000000	
34	0.260000	0.121265	0.970779	0.724138	0.030140	0.736842	0.571901	0.178685	0.767516	0.741703	0.561545	0.942408	0.296062	0.000000	
35	0.120000	0.425308	0.800325	0.047745	0.671152	0.444822	0.011570	0.402680	0.506369	0.422799	0.983105	0.952880	0.112518	0.166537	
35	0.090000	0.400703	0.704545	0.066313	0.792788	0.195246	0.088430	0.461391	0.525478	0.758297	1.000000	0.989529	0.251055	0.150195	
35	0.000000	0.413005	0.840909	0.090186	0.739505	0.040747	0.086777	0.366305	0.541401	0.788600	1.000000	1.000000	0.228551	0.120623	
35	0.000000	0.363796	0.845779	0.031830	0.745425	0.146010	0.020661	0.407147	0.407643	0.253247	1.000000	0.910995	0.087201	0.154864	
35	0.000000	0.402461	0.855520	0.015915	0.769107	0.000000	0.018182	0.407786	0.506369	0.439394	1.000000	0.973822	0.120956	0.126070	
35	0.280000	0.289982	0.319805	0.132626	0.656620	0.453311	0.129752	0.366943	0.480892	0.895382	1.000000	1.000000	0.695499	0.175876	
35	0.040000	0.367311	0.737013	0.119363	0.734123	0.246180	0.015702	0.400128	0.414013	0.444444	1.000000	0.958115	0.112518	0.097276	
35	0.000000	0.402461	0.769481	0.114058	0.766416	0.402377	0.162810	0.409062	0.589172	0.701299	1.000000	0.984293	0.239803	0.122957	
35	0.000000	0.404218	0.798701	0.084881	0.798170	0.278438	0.242149	0.397575	0.595541	0.755411	1.000000	1.000000	0.242616	0.116732	
35	0.000000	0.384886	0.808442	0.068966	0.786329	0.327674	0.094215	0.437141	0.535032	0.476912	1.000000	0.989529	0.163151	0.213230	
36	0.390000	0.000000	0.000000	0.220159	0.308396	0.672326	0.054545	0.168475	0.630573	0.193362	0.884151	0.565445	0.047117	0.083268	
36	0.460000	0.000000	0.003247	0.241379	0.312164	0.711375	0.062810	0.188258	0.630573	0.207071	0.912309	0.575916	0.061885	0.077821	
36	0.420000	0.000000	0.053571	0.209549	0.273412	0.568761	0.085124	0.173580	0.512739	0.216450	0.859212	0.544503	0.084388	0.078599	
36	0.360000	0.000000	0.082792	0.193634	0.351453	0.529711	0.064463	0.204212	0.493631	0.188312	0.897023	0.617801	0.090014	0.214786	
36	0.380000	0.000000	0.118507	0.180371	0.213671	0.488964	0.081818	0.177409	0.385350	0.165945	0.789220	0.654450	0.104782	0.135409	
36	0.320000	0.003515	0.144481	0.161804	0.247040	0.499151	0.069421	0.190811	0.404459	0.151515	0.818182	0.612566	0.104079	0.173541	
36	0.390000	0.000000	0.116883	0.188329	0.239505	0.494058	0.078512	0.186343	0.445860	0.172439	0.826227	0.638744	0.092827	0.225681	
36	0.360000	0.007030	0.112013	0.175066	0.275565	0.499151	0.069421	0.190172	0.414013	0.152237	0.835881	0.654450	0.104079	0.189105	
36	0.340000	0.001757	0.131494	0.183024	0.254037	0.507640	0.082645	0.190811	0.410828	0.170996	0.824618	0.643979	0.098453	0.141634	
36	0.310000	0.038664	0.167208	0.137931	0.271798	0.536503	0.076860	0.195916	0.509554	0.167388	0.875302	0.612566	0.088608	0.124514	
37	0.510000	0.000000	0.000000	0.161804	0.401507	0.555178	0.142149	0.186343	0.630573	0.225830	0.935640	0.874346	0.051336	0.251362	
37	0.460000	0.000000	0.000000	0.201592	0.429494	0.680815	0.057025	0.199745	0.659236	0.199856	0.936444	0.675393	0.061885	0.316732	
37	0.390000	0.000000	0.000000	0.201592	0.581270	0.697793	0.011570	0.262923	0.687898	0.211400	0.972647	0.753927	0.080169	0.355642	
37	0.410000	0.019332	0.000000	0.238727	0.523681	0.772496	0.057025	0.223357	0.681529	0.222944	0.954143	0.811518	0.076653	0.354864	
37	0.460000	0.050967	0.012987	0.228117	0.458558	0.704584	0.061983	0.227186	0.656051	0.191198	0.955752	0.780105	0.076653	0.349416	
37	0.470000	0.028120	0.030844	0.222812	0.422497	0.677419	0.060331	0.223357	0.646497	0.201299	0.950121	0.748691	0.071730	0.289494	
37	0.420000	0.001757	0.000000	0.233422	0.417115	0.718166	0.073554	0.203574	0.652866	0.202020	0.938858	0.837696	0.071027	0.337743	
37	0.520000	0.000000	0.000000	0.286472	0.367600	0.687606	0.066942	0.179324	0.649682	0.178932	0.918745	0.916230	0.069620	0.192996	
37	0.410000	0.000000	0.000000	0.225464	0.424650	0.672326	0.070248	0.208679	0.624204	0.177489	0.944489	0.821990	0.075246	0.271595	
37	0.450000	0.000000	0.000000	0.233422	0.426803	0.677419	0.056198	0.204212	0.640127	0.163781	0.943685	0.712042	0.071730	0.301167	
38	0.670000	0.000000	0.120130	0.084881	0.168999	0.609508	0.047107	0.125718	0.439490	0.087302	0.638777	0.722513	0.112518	0.014786	
38	0.660000	0.000000	0.181818	0.132626	0.148547	0.594228	0.090083	0.121251	0.500000	0.126984	0.641995	0.795812	0.107595	0.000000	
38	0.500000	0.000000	0.004870	0.039788	0.153391	0.412564	0.072727	0.103382	0.356688	0.126984	0.654063	0.827225	0.115331	0.010117	
38	0.540000	0.000000	0.069805	0.045093	0.167384	0.380306	0.076860	0.108488	0.318471	0.116883	0.650040	0.801047	0.114627	0.011673	
38	0.580000	0.000000	0.061688	0.053050	0.205597	0.337861	0.059504	0.115507	0.194268	0.091631	0.625905	0.753927	0.118847	0.024125	
38	0.600000	0.000000	0.076299	0.055703	0.168999	0.327674	0.066942	0.114231	0.191083	0.098124	0.641995	0.759162	0.116737	0.022568	
38	0.380000	0.000000	0.000000	0.076923	0.170075	0.417657	0.061983	0.093172	0.264331	0.103896	0.628319	0.769634	0.111814	0.010117	
38	0.520000	0.000000	0.034091	0.029178	0.179763	0.332767	0.077686	0.104659	0.171975	0.113997	0.641191	0.769634	0.113221	0.007004	
38	0.550000	0.000000	0.037338	0.045093	0.210980	0.349745	0.066942	0.092534	0.267516	0.099567	0.637168	0.785340	0.115331	0.025681	
38	0.540000	0.000000	0.037338	0.034483	0.180840	0.319185	0.068595	0.105935	0.178344	0.102453	0.639582	0.748691	0.115331	0.014008	
39	0.250000	0.096661	0.535714	0.328913	0.312164	0.511036	0.363636	0.104659	0.617834	0.472583	0.646822	0.801047	0.101266	0.000000	
39	0.200000	0.145870	0.594156	0.257294	0.368676	0.499151	0.344628	0.128271	0.624204	0.473305	0.703138	0.769634	0.106189	0.000000	
39	0.230000	0.158172	0.573052	0.281167	0.368676	0.449915	0.356198	0.151244	0.566879	0.496393	0.742558	0.727749	0.120956	0.000000	
39	0.250000	0.165202	0.628247	0.137931	0.453176	0.432937	0.295868	0.146777	0.538217	0.404040	0.772325	0.712042	0.111111	0.052918	
39	0.310000	0.158172	0.631494	0.106101	0.457481	0.358234	0.290083	0.141672	0.477707	0.380952	0.779566	0.732984	0.110408	0.106615	
39	0.260000	0.163445	0.582792	0.198939	0.428418	0.387097	0.323141	0.156988	0.496815	0.414863	0.798874	0.727749	0.109001	0.110506	
39	0.270000	0.168717	0.633117	0.167109	0.501615	0.410866	0.295868	0.169751	0.503185	0.393218	0.784393	0.806283	0.111814	0.040467	
39	0.270000	0.159930	0.641234	0.180371	0.489236	0.432937	0.299174	0.170389	0.519108	0.419192	0.757039	0.712042	0.112518	0.030350	
39	0.320000	0.152900	0.576299	0.212202	0.398278	0.453311	0.354545	0.174856	0.554140	0.520202	0.802092	0.549738	0.118144	0.059144	
39	0.310000	0.177504	0.657468	0.119363	0.479010	0.415959	0.285950	0.168475	0.531847	0.406926	0.803701	0.696335	0.111111	0.007004	
40	0.570000	0.019332	0.849026	0.045093	0.222282	0.886248	0.217355	0.178685	0.531847	0.911977	1.000000	0.827225	0.739803	0.234241	
40	0.490000	0.042179	0.574675	0.058355	0.200215	0.887946	0.248760	0.169751	0.703822	0.880952	1.000000	0.753927	0.677918	0.231907	
40	0.450000	0.047452	0.417208	0.100796	0.196448	0.850594	0.290083	0.189534	0.490446	0.945166	1.000000	0.780105	0.789030	0.242023	
40	0.880000	0.124780	0.418831	0.079576	0.165770	0.803056	0.211570	0.186982	0.611465	0.774170	1.000000	0.712042	0.567511	0.208560	
40	0.490000	0.075571	0.527597	0.058355	0.199139	0.845501	0.274380	0.179962	0.646497	0.880952	1.000000	0.753927	0.677918	0.214008	
40	0.480000	0.091388	0.564935	0.055703	0.181916	0.831919	0.268595	0.162093	0.719745	0.831890	1.000000	0.712042	0.611111	0.192996	
40	0.560000	0.089631	0.587662	0.053050	0.180840	0.852292	0.256198	0.164008	0.754777	0.824675	1.000000	0.701571	0.601266	0.192996	
40	0.530000	0.084359	0.491883	0.068966	0.170075	0.816638	0.285950	0.190172	0.621019	0.915584	1.000000	0.764398	0.717300	0.215564	
40	0.530000	0.117750	0.561688	0.061008	0.165770	0.808149	0.259504	0.172942	0.691083	0.827561	1.000000	0.701571	0.599859	0.189105	
40	0.770000	0.131810	0.553571	0.074271	0.144241	0.765705	0.223967	0.182514	0.697452	0.761905	1.000000	0.649215	0.547117	0.180545	
41	0.630000	0.172232	0.350649	0.127321	0.069968	0.818336	0.435537	0.232929	0.789809	0.469697	0.645213	0.471204	0.107595	0.009339	
41	0.860000	0.028120	0.262987	0.090186	0.151238	1.000000	0.542975	0.261646	0.738854	0.450216	0.617056	0.413613	0.104079	0.022568	
41	0.770000	0.065026	0.168831	0.148541	0.105490	0.825127	0.553719	0.265475	0.624204	0.421356	0.577635	0.706806	0.125176	0.000000	
41	0.660000	0.096661	0.256494	0.183024	0.132939	1.000000	0.698347	0.268666	0.735669	0.712843	0.554304	0.418848	0.106189	0.006226	
41	0.580000	0.000000	0.042208	0.384615	0.234123	0.809847	0.534711	0.249521	0.754777	0.457432	0.563154	0.429319	0.100563	0.010895	
41	0.590000	0.008787	0.087662	0.435013	0.191604	0.928693	0.605785	0.294193	0.764331	0.629870	0.587289	0.397906	0.104079	0.009339	
41	0.510000	0.000000	0.034091	0.522546	0.209903	0.813243	0.541322	0.281430	0.777070	0.671717	0.602574	0.371728	0.092827	0.136187	
41	0.520000	0.000000	0.089286	0.578249	0.190528	0.894737	0.577686	0.301851	0.799363	0.779221	0.618665	0.183246	0.132208	0.119844	
41	0.540000	0.005272	0.144481	0.419098	0.174381	1.000000	0.565289	0.307594	0.815287	0.770563	0.651649	0.178011	0.163151	0.082490	
41	0.530000	0.021090	0.125000	0.432361	0.119483	1.000000	0.501653	0.283344	0.808917	0.664502	0.686243	0.172775	0.132911	0.034241	
42	0.530000	0.163445	0.266234	0.302387	0.097955	0.736842	0.355372	0.255265	0.789809	0.637807	0.560740	0.549738	0.109705	0.000000	
42	0.470000	0.156415	0.280844	0.299735	0.123251	0.738540	0.369422	0.248245	0.780255	0.722222	0.636364	0.418848	0.128692	0.000000	
42	0.490000	0.182777	0.251623	0.289125	0.116254	0.731749	0.345455	0.240587	0.757962	0.550505	0.623492	0.445026	0.127286	0.000000	
42	0.410000	0.188049	0.301948	0.281167	0.193757	0.682513	0.351240	0.276324	0.726115	0.568543	0.610620	0.664922	0.147679	0.000000	
42	0.370000	0.200352	0.295455	0.273210	0.195910	0.667233	0.342975	0.286535	0.713376	0.603896	0.606597	0.481675	0.156821	0.000000	
42	0.360000	0.195079	0.310065	0.294430	0.214747	0.645161	0.343802	0.285897	0.748408	0.612554	0.596138	0.465969	0.144866	0.000000	
42	0.400000	0.205624	0.266234	0.323607	0.206136	0.655348	0.348760	0.282068	0.681529	0.587302	0.572003	0.450262	0.165963	0.000000	
42	0.270000	0.233743	0.368507	0.275862	0.233585	0.628183	0.314050	0.313976	0.675159	0.477634	0.660499	0.717278	0.143460	0.000000	
42	0.300000	0.230229	0.334416	0.289125	0.213671	0.621392	0.321488	0.305042	0.694268	0.494950	0.596943	0.439791	0.180731	0.000000	
42	0.270000	0.240773	0.383117	0.241379	0.151238	0.640068	0.314876	0.310785	0.668790	0.488456	0.580853	0.518325	0.158931	0.000000	
