1	0.143062	0.147287	0.205674	0.807860	0.863603	0.413793	0.580645	0.237113	0.609929	0.963514	0.950249	0.389313	0.958155	0.964342	
1	0.143062	0.137985	0.042553	0.693232	0.939214	0.390805	0.543011	0.267248	0.617021	0.975676	0.968491	0.366412	0.960717	0.896989	
1	0.103004	0.143411	0.134752	0.814411	0.864344	0.402299	0.607527	0.256939	0.612293	1.000000	1.000000	0.374046	0.905209	0.767829	
1	0.148784	0.145736	0.127660	0.628821	0.981468	0.160920	0.557348	0.242665	0.593381	1.000000	1.000000	0.389313	0.966695	0.753566	
1	0.148784	0.150388	0.042553	0.604804	0.836175	0.344828	0.589606	0.259318	0.562648	1.000000	1.000000	0.351145	0.941076	0.770206	
1	0.148784	0.158140	0.078014	0.568777	0.962194	0.264368	0.602151	0.262490	0.517731	1.000000	1.000000	0.335878	0.980359	0.698891	
1	0.100143	0.202326	0.170213	0.519651	0.928095	0.402299	0.621864	0.276765	0.534279	1.000000	0.998342	0.343512	0.988044	0.708399	
1	0.151645	0.158140	0.106383	0.605895	0.948110	0.287356	0.666667	0.257732	0.546099	1.000000	1.000000	0.305344	1.000000	0.738510	
1	0.175966	0.178295	0.063830	0.563319	1.000000	0.241379	0.584229	0.301348	0.593381	1.000000	1.000000	0.358779	0.859095	0.729002	
1	0.188841	0.163566	0.127660	0.611354	0.994070	0.241379	0.598566	0.336241	0.581560	1.000000	1.000000	0.351145	0.964987	0.790016	
2	0.054363	0.082946	0.319149	0.729258	1.000000	0.482759	0.858423	1.000000	0.513002	0.933784	0.951907	0.335878	0.816396	0.866086	
2	0.070100	0.221705	0.269504	0.644105	0.997035	0.390805	0.842294	0.990484	0.472813	0.925676	0.920398	0.351145	0.809565	0.949287	
2	0.054363	0.132558	0.262411	0.647380	0.989622	0.402299	0.786738	0.980175	0.491726	0.908108	0.928690	0.374046	0.808711	0.962758	
2	0.060086	0.106977	0.262411	0.674673	0.994070	0.379310	0.838710	0.985726	0.520095	0.906757	0.925373	0.389313	0.810418	0.979398	
2	0.075823	0.148837	0.276596	0.624454	0.998517	0.597701	0.761649	1.000000	0.638298	0.902703	1.000000	0.450382	0.813834	0.931854	
2	0.052933	0.110078	0.241135	0.636463	1.000000	0.252874	0.888889	0.992863	0.484634	0.955405	0.953566	0.320611	0.801879	0.972266	
2	0.074392	0.226357	0.241135	0.553493	1.000000	0.321839	0.810036	1.000000	0.503546	0.967568	0.912106	0.358779	0.808711	0.977021	
2	0.123033	0.083721	0.297872	0.582969	1.000000	0.344828	0.788531	1.000000	0.527187	0.951351	0.948590	0.366412	0.826644	0.940571	
2	0.084406	0.137985	0.219858	0.590611	1.000000	0.379310	0.863799	1.000000	0.470449	1.000000	0.922056	0.328244	0.813834	0.988114	
2	0.068670	0.082171	0.205674	0.593886	1.000000	0.367816	0.779570	1.000000	0.548463	1.000000	0.981758	0.396947	0.827498	0.900159	
3	0.092990	0.102326	0.219858	0.235808	0.538918	0.425287	0.202509	0.512292	0.666667	0.127027	0.457711	0.625954	0.038429	0.245642	
3	0.120172	0.130233	0.241135	0.265284	0.508525	0.333333	0.173835	0.481364	0.678487	0.135135	0.477612	0.625954	0.011956	0.321712	
3	0.210300	0.173643	0.269504	0.263100	0.608599	0.482759	0.186380	0.542427	0.664303	0.140541	0.504146	0.580153	0.012810	0.295563	
3	0.221745	0.178295	0.255319	0.320961	0.550778	0.333333	0.181004	0.540841	0.671395	0.129730	0.490879	0.648855	0.007686	0.301902	
3	0.175966	0.146512	0.262411	0.307860	0.564122	0.505747	0.198925	0.497224	0.661939	0.136487	0.497512	0.610687	0.008540	0.292393	
3	0.177396	0.147287	0.234043	0.383188	0.462565	0.287356	0.164875	0.402062	0.695036	0.145946	0.444444	0.595420	0.004270	0.309826	
3	0.236052	0.169767	0.234043	0.360262	0.499629	0.356322	0.164875	0.467883	0.687943	0.144595	0.452736	0.618321	0.000854	0.308241	
3	0.143062	0.137985	0.191489	0.295852	0.630838	0.471264	0.193548	0.547185	0.692671	0.127027	0.457711	0.603054	0.040991	0.287639	
3	0.121602	0.119380	0.177305	0.301310	0.539659	0.367816	0.146953	0.459952	0.735225	0.117568	0.426202	0.671756	0.009394	0.282092	
3	0.097282	0.130233	0.219858	0.270742	0.657524	0.448276	0.125448	0.544806	0.725768	0.093243	0.452736	0.580153	0.017933	0.300317	
4	0.346209	0.332558	0.368794	0.280568	0.250556	0.367816	0.209677	0.198255	0.728132	0.227027	0.310116	0.557252	0.046968	0.200475	
4	0.238913	0.444961	0.134752	0.418122	0.246108	0.287356	0.172043	0.129263	0.713948	0.206757	0.265340	0.610687	0.023911	0.152932	
4	0.243205	0.393798	0.134752	0.401747	0.234989	0.367816	0.175627	0.088025	0.737589	0.193243	0.278607	0.625954	0.015371	0.187797	
4	0.271817	0.388372	0.156028	0.365721	0.217198	0.367816	0.182796	0.076130	0.775414	0.171622	0.263682	0.671756	0.001708	0.193344	
4	0.281831	0.363566	0.255319	0.310044	0.229800	0.252874	0.188172	0.087232	0.628842	0.190541	0.237148	0.618321	0.033305	0.142631	
4	0.261803	0.291473	0.198582	0.328603	0.209785	0.390805	0.159498	0.062649	0.742317	0.171622	0.235489	0.664122	0.021349	0.174327	
4	0.231760	0.337985	0.226950	0.362445	0.210526	0.402299	0.186380	0.097542	0.713948	0.175676	0.222222	0.610687	0.029889	0.167987	
4	0.283262	0.335659	0.177305	0.301310	0.213492	0.321839	0.164875	0.079302	0.796690	0.147297	0.202322	0.648855	0.011956	0.172742	
4	0.207439	0.263566	0.113475	0.344978	0.217198	0.275862	0.182796	0.093577	0.650118	0.174324	0.189055	0.587786	0.046968	0.151347	
4	0.226037	0.274419	0.120567	0.473799	0.199407	0.379310	0.191756	0.093577	0.666667	0.171622	0.203980	0.595420	0.023057	0.161648	
5	0.326180	0.255039	0.226950	0.698690	0.546331	0.045977	0.831541	0.988105	0.404255	0.974324	1.000000	0.274809	0.863365	0.846276	
5	0.298999	0.361240	0.269504	0.817686	0.587102	0.528736	1.000000	0.957970	0.472813	0.956757	1.000000	0.312977	0.923997	0.923138	
5	0.273248	0.348062	0.170213	0.708515	0.472943	0.436782	0.899642	0.992070	0.522459	1.000000	1.000000	0.366412	1.000000	0.805864	
5	0.214592	0.327132	0.177305	0.879913	0.290586	0.655172	0.878136	0.974623	0.541371	1.000000	1.000000	0.366412	0.976089	0.831220	
5	0.234621	0.388372	0.255319	0.758734	0.481097	0.586207	0.930108	0.975416	0.567376	1.000000	1.000000	0.358779	0.988044	0.790808	
5	0.201717	0.315504	0.170213	0.734716	0.492217	0.551724	0.836918	0.992863	0.565012	1.000000	1.000000	0.358779	1.000000	0.763075	
5	0.210300	0.317054	0.170213	0.686681	0.573017	0.781609	0.876344	0.995242	0.595745	1.000000	1.000000	0.396947	1.000000	0.784469	
5	0.248927	0.341861	0.219858	0.746725	0.581913	0.689655	0.915771	1.000000	0.591017	1.000000	1.000000	0.358779	1.000000	0.752773	
5	0.270386	0.329457	0.212766	0.629913	0.621942	0.620690	0.879928	1.000000	0.562648	1.000000	1.000000	0.389313	0.984629	0.811411	
5	0.257511	0.320155	0.205674	0.640830	0.598221	0.689655	0.878136	1.000000	0.539007	1.000000	1.000000	0.412214	0.964133	0.807449	
6	0.374821	0.231783	0.219858	0.339520	0.643440	0.574713	0.209677	0.237113	0.711584	0.181081	0.343284	0.435115	0.152861	0.036450	
6	0.389127	0.357364	0.134752	0.449782	0.529281	0.885057	0.327957	0.250595	0.853428	0.216216	0.330017	0.541985	0.152007	0.056260	
6	0.351931	0.249612	0.099291	0.366812	0.641216	0.758621	0.206093	0.198255	0.749409	0.195946	0.315091	0.458015	0.088813	0.029319	
6	0.452074	0.302326	0.241135	0.435590	0.608599	0.793104	0.340502	0.245044	0.617021	0.220270	0.255390	0.442748	0.117848	0.049128	
6	0.364807	0.227132	0.184397	0.402838	0.616753	0.563218	0.216846	0.202221	0.780142	0.172973	0.263682	0.473283	0.116994	0.029319	
6	0.361946	0.201550	0.163121	0.373363	0.617495	0.448276	0.220430	0.223632	0.827423	0.189189	0.273632	0.595420	0.078565	0.013471	
6	0.359084	0.240310	0.297872	0.346070	0.802076	0.390805	0.191756	0.172879	0.690307	0.167568	0.262023	0.290076	0.141759	0.027734	
6	0.381974	0.245736	0.283688	0.366812	0.737583	0.425287	0.209677	0.185567	0.754137	0.178378	0.253731	0.389313	0.122972	0.020602	
6	0.354793	0.279845	0.262411	0.397380	0.607116	0.310345	0.175627	0.172879	0.773050	0.154054	0.250415	0.328244	0.210931	0.033281	
6	0.380544	0.324806	0.212766	0.379913	0.685693	0.885057	0.261649	0.225218	0.739953	0.164865	0.293532	0.633588	0.210077	0.034073	
7	0.303290	0.532558	0.517731	1.000000	1.000000	0.402299	0.795699	1.000000	0.539007	0.825676	1.000000	0.435115	0.970111	0.767036	
7	0.283262	0.541085	0.553192	1.000000	1.000000	0.218391	1.000000	1.000000	0.505910	0.948649	1.000000	0.396947	1.000000	0.795563	
7	0.327611	0.524806	0.588653	1.000000	1.000000	0.149425	1.000000	1.000000	0.477541	1.000000	1.000000	0.351145	1.000000	0.730586	
7	0.320458	0.537209	0.524823	1.000000	1.000000	0.172414	1.000000	1.000000	0.494090	0.948649	1.000000	0.381679	0.996584	0.902536	
7	0.420601	0.596899	0.468085	1.000000	1.000000	0.241379	1.000000	1.000000	0.482270	1.000000	1.000000	0.366412	1.000000	0.794770	
7	0.377682	0.621705	0.489362	1.000000	1.000000	0.287356	0.985663	1.000000	0.479905	0.916216	1.000000	0.374046	1.000000	0.834390	
7	0.373391	0.621705	0.460993	1.000000	1.000000	0.333333	0.919355	1.000000	0.503546	0.870270	1.000000	0.396947	0.982067	0.742472	
7	0.464950	0.691473	0.432624	1.000000	1.000000	0.229885	0.849462	1.000000	0.437352	0.951351	1.000000	0.343512	0.998292	0.671157	
7	0.407725	0.651163	0.475177	1.000000	1.000000	0.287356	0.955197	1.000000	0.463357	0.955405	1.000000	0.389313	0.979505	0.761490	
7	0.294707	0.558140	0.475177	1.000000	1.000000	0.310345	0.931900	1.000000	0.524823	0.878378	1.000000	0.442748	0.913749	0.822504	
8	0.144492	0.191473	0.248227	0.199782	0.618236	0.275862	0.200717	0.486122	0.633570	0.091892	0.368159	0.389313	0.107600	0.025357	
8	0.103004	0.185271	0.219858	0.198690	0.628614	0.310345	0.204301	0.482950	0.661939	0.077027	0.383085	0.290076	0.122118	0.034073	
8	0.141631	0.232558	0.234043	0.171397	0.716827	0.712644	0.232975	0.490087	0.846336	0.078378	0.407960	0.312977	0.162255	0.049921	
8	0.111588	0.189923	0.226950	0.164847	0.714603	0.551724	0.206093	0.486122	0.744681	0.091892	0.399668	0.335878	0.140051	0.034865	
8	0.137339	0.237985	0.226950	0.184498	0.780578	0.712644	0.206093	0.474227	0.754137	0.082432	0.398010	0.320611	0.169086	0.048336	
8	0.110157	0.196124	0.248227	0.167031	0.647146	0.517241	0.213262	0.463918	0.794326	0.074324	0.369818	0.312977	0.164816	0.030111	
8	0.125894	0.186822	0.219858	0.186681	0.640474	0.367816	0.216846	0.455987	0.737589	0.071622	0.369818	0.328244	0.173356	0.023772	
8	0.087268	0.172868	0.191489	0.177948	0.644181	0.356322	0.218638	0.464711	0.725768	0.066216	0.384743	0.312977	0.173356	0.027734	
8	0.208870	0.225581	0.262411	0.229258	0.649370	0.333333	0.195341	0.461539	0.884161	0.131081	0.351576	0.793893	0.049530	0.019017	
8	0.213162	0.244961	0.269504	0.233625	0.700519	0.563218	0.202509	0.427439	0.843972	0.143243	0.351576	0.870229	0.040991	0.011094	
9	0.187411	0.275194	0.276596	0.848253	0.911045	0.574713	0.483871	1.000000	0.683215	0.404054	0.620232	0.648855	0.110162	0.045166	
9	0.187411	0.283721	0.276596	0.894105	0.951075	0.655172	0.505376	1.000000	0.737589	0.490541	0.756219	0.755725	0.116140	0.059429	
9	0.224607	0.356589	0.340426	0.889738	0.970348	0.655172	0.525090	1.000000	0.685579	0.427027	0.608624	0.618321	0.154569	0.100634	
9	0.230329	0.371318	0.340426	0.958515	0.935508	0.586207	0.571685	1.000000	0.661939	0.455405	0.721393	0.618321	0.186166	0.154517	
9	0.211731	0.332558	0.304965	0.933406	0.953299	0.655172	0.546595	1.000000	0.678487	0.427027	0.606965	0.748092	0.122118	0.053883	
9	0.203147	0.317830	0.290780	0.860262	0.928836	0.816092	0.492832	1.000000	0.737589	0.463514	0.625207	0.847328	0.097353	0.012678	
9	0.203147	0.316279	0.283688	0.867904	0.969607	0.724138	0.494624	1.000000	0.728132	0.429730	0.706468	0.809160	0.103331	0.049128	
9	0.184549	0.248062	0.241135	0.865721	0.947368	0.689655	0.492832	1.000000	0.713948	0.390541	0.636816	0.687023	0.144321	0.053883	
9	0.253219	0.324806	0.354610	0.852620	0.914752	0.850575	0.514337	1.000000	0.768322	0.402703	0.592040	0.778626	0.132366	0.035658	
9	0.208870	0.279845	0.276596	0.818777	0.912528	0.816092	0.482079	1.000000	0.784870	0.378378	0.631841	0.755725	0.136635	0.023772	
10	0.323319	0.312403	0.312057	0.277293	0.318755	0.390805	0.250896	0.229183	0.891253	0.187838	0.301824	0.671756	0.026473	0.154517	
10	0.376252	0.378295	0.354610	0.271834	0.306894	0.367816	0.258065	0.267248	0.879433	0.187838	0.301824	0.633588	0.024765	0.170365	
10	0.330472	0.358140	0.319149	0.291485	0.287621	0.264368	0.232975	0.352895	0.843972	0.179730	0.320066	0.679389	0.020495	0.167195	
10	0.343348	0.339535	0.333333	0.257642	0.309859	0.379310	0.240143	0.199048	0.822695	0.190541	0.283582	0.671756	0.019641	0.151347	
10	0.306152	0.348837	0.319149	0.253275	0.305411	0.402299	0.256272	0.234734	0.817967	0.201351	0.303483	0.679389	0.025619	0.107766	
10	0.311874	0.342636	0.304965	0.292576	0.306894	0.413793	0.259857	0.240286	0.815603	0.201351	0.290216	0.656489	0.015371	0.173534	
10	0.143062	0.187597	0.219858	0.219432	0.293551	0.275862	0.250896	0.342585	0.810875	0.209460	0.331675	0.641221	0.047822	0.118067	
10	0.137339	0.227132	0.234043	0.198690	0.271312	0.425287	0.245520	0.342585	0.848700	0.190541	0.326700	0.618321	0.039283	0.165610	
10	0.231760	0.276744	0.262411	0.176856	0.292810	0.390805	0.259857	0.248216	0.884161	0.182432	0.283582	0.618321	0.037575	0.151347	
10	0.257511	0.300000	0.269504	0.251092	0.279466	0.356322	0.234767	0.214116	0.841608	0.190541	0.288557	0.664122	0.023911	0.191759	
11	0.012876	0.040310	0.134752	0.505459	0.180133	0.160920	0.759857	1.000000	0.527187	0.941892	1.000000	0.305344	0.877028	0.666403	
11	0.024320	0.051163	0.156028	0.497817	0.214974	0.000000	0.741936	1.000000	0.576832	0.991892	1.000000	0.297710	0.894108	0.624406	
11	0.027182	0.075194	0.177305	0.457424	0.224611	0.000000	0.858423	1.000000	0.595745	1.000000	1.000000	0.305344	0.916311	0.628368	
11	0.020029	0.083721	0.177305	0.391921	0.277242	0.000000	0.822581	1.000000	0.565012	1.000000	1.000000	0.312977	0.907771	0.633122	
11	0.025751	0.057364	0.163121	0.382096	0.241661	0.000000	0.752688	1.000000	0.579196	1.000000	1.000000	0.328244	0.971819	0.645800	
11	0.030043	0.050388	0.170213	0.423581	0.209785	0.000000	0.811828	1.000000	0.605201	1.000000	1.000000	0.290076	0.933390	0.622029	
11	0.037196	0.059690	0.170213	0.343887	0.252780	0.000000	0.781362	1.000000	0.581560	1.000000	1.000000	0.312977	0.964987	0.661648	
11	0.022890	0.064341	0.156028	0.377729	0.265382	0.000000	0.765233	1.000000	0.602837	1.000000	1.000000	0.320611	0.970111	0.659271	
11	0.021459	0.065116	0.177305	0.343887	0.310601	0.000000	0.775986	1.000000	0.602837	1.000000	1.000000	0.358779	0.970111	0.669572	
11	0.035765	0.089147	0.234043	0.318777	0.295033	0.091954	0.801075	1.000000	0.600473	1.000000	1.000000	0.320611	0.949616	0.666403	
12	0.300429	0.300000	0.191489	0.241266	0.234989	0.770115	0.121864	0.438541	0.557920	0.140541	0.575456	0.396947	0.074295	0.446117	
12	0.294707	0.324806	0.212766	0.235808	0.203113	0.850575	0.123656	0.386995	0.522459	0.125676	0.572139	0.366412	0.073442	0.575277	
12	0.297568	0.311628	0.170213	0.241266	0.201631	0.896552	0.134409	0.383029	0.484634	0.120270	0.548922	0.442748	0.063194	0.612520	
12	0.297568	0.310853	0.184397	0.217249	0.219422	0.816092	0.132617	0.370341	0.574468	0.102703	0.548922	0.343512	0.081981	0.687005	
12	0.297568	0.315504	0.177305	0.255459	0.200148	0.781609	0.141577	0.362411	0.498818	0.112162	0.514096	0.274809	0.080273	0.667987	
12	0.321888	0.376744	0.234043	0.197598	0.226835	0.758621	0.137993	0.371927	0.541371	0.121622	0.502488	0.412214	0.056362	0.571315	
12	0.321888	0.314729	0.134752	0.234716	0.239437	0.655172	0.146953	0.387788	0.543735	0.129730	0.537314	0.450382	0.035013	0.690967	
12	0.284692	0.285271	0.106383	0.286026	0.219422	0.896552	0.186380	0.369548	0.576832	0.118919	0.480929	0.404580	0.056362	0.743265	
12	0.280401	0.272093	0.141844	0.264192	0.229800	0.724138	0.157706	0.367169	0.529551	0.106757	0.505804	0.396947	0.057216	0.585578	
12	0.313305	0.319380	0.148936	0.277293	0.212009	0.850575	0.182796	0.352895	0.574468	0.113514	0.447761	0.473283	0.053800	0.809826	
13	0.294707	0.316279	0.141844	0.329694	0.204596	0.747127	0.211470	0.352102	0.548463	0.114865	0.893864	0.458015	0.075149	0.656101	
13	0.304721	0.293023	0.085106	0.294760	0.192735	0.655172	0.164875	0.367962	0.449173	0.108108	0.830846	0.305344	0.084543	0.671157	
13	0.329042	0.404651	0.156028	0.295852	0.198666	0.850575	0.193548	0.375099	0.456265	0.098649	0.837479	0.351145	0.075149	0.656894	
13	0.274678	0.274419	0.092199	0.358079	0.192735	0.724138	0.229391	0.371134	0.437352	0.093243	0.873964	0.396947	0.052092	0.654517	
13	0.294707	0.315504	0.092199	0.334061	0.185323	0.712644	0.157706	0.363997	0.349882	0.100000	0.897181	0.396947	0.064902	0.622821	
13	0.267525	0.309302	0.148936	0.317686	0.173462	0.747127	0.182796	0.371927	0.371158	0.098649	0.860697	0.351145	0.058924	0.603011	
13	0.290415	0.313954	0.170213	0.299127	0.190512	0.827586	0.218638	0.358446	0.482270	0.101351	0.877280	0.427481	0.089667	0.536450	
13	0.291846	0.342636	0.234043	0.332969	0.171979	0.873563	0.286738	0.350516	0.529551	0.095946	0.845771	0.396947	0.056362	0.614897	
13	0.277539	0.296899	0.170213	0.384280	0.168273	0.804598	0.322581	0.352102	0.539007	0.098649	0.867330	0.343512	0.076003	0.633914	
13	0.283262	0.301550	0.177305	0.299127	0.173462	0.885057	0.234767	0.357653	0.434988	0.079730	0.842454	0.274809	0.064902	0.632330	
14	0.173104	0.208527	0.184397	0.427948	0.548555	0.482759	0.189964	0.336241	0.716312	0.097297	0.479270	0.282443	0.177626	0.055468	
14	0.087268	0.161240	0.205674	0.534935	0.544848	0.551724	0.265233	0.338620	0.664303	0.118919	0.484245	0.343512	0.116994	0.061014	
14	0.120172	0.184496	0.156028	0.438865	0.604151	0.459770	0.188172	0.337034	0.773050	0.089189	0.482587	0.290076	0.146883	0.052298	
14	0.081545	0.165892	0.085106	0.401747	0.606375	0.505747	0.188172	0.340999	0.780142	0.094595	0.484245	0.305344	0.136635	0.042789	
14	0.140200	0.186822	0.063830	0.460699	0.592291	0.609195	0.218638	0.353688	0.735225	0.124324	0.500829	0.450382	0.092229	0.062599	
14	0.121602	0.174419	0.134752	0.433406	0.581913	0.436782	0.197133	0.336241	0.848700	0.102703	0.444444	0.251908	0.182750	0.026149	
14	0.131617	0.179845	0.028369	0.450873	0.602669	0.528736	0.240143	0.332276	0.735225	0.120270	0.449420	0.427481	0.101623	0.035658	
14	0.113019	0.170543	0.063830	0.466157	0.547072	0.574713	0.229391	0.332276	0.784870	0.114865	0.439469	0.366412	0.134927	0.029319	
14	0.138770	0.185271	0.014184	0.417031	0.621942	0.678161	0.173835	0.334655	0.855792	0.117568	0.467662	0.389313	0.099061	0.029319	
14	0.101574	0.158140	0.049645	0.461790	0.605634	0.551724	0.211470	0.340206	0.770686	0.114865	0.447761	0.366412	0.100769	0.042789	
15	0.068670	0.061240	0.042553	0.199782	0.559674	0.781609	0.172043	0.360032	0.664303	0.081081	0.718076	0.641221	0.072588	0.794770	
15	0.100143	0.206977	0.014184	0.193231	0.639733	0.954023	0.168459	0.351309	0.683215	0.063514	0.781095	0.916031	0.141759	0.854200	
15	0.074392	0.089922	0.092199	0.170306	0.487769	1.000000	0.184588	0.375099	0.744681	0.085135	0.741294	0.755725	0.090521	0.938193	
15	0.080114	0.155814	0.056738	0.164847	0.744996	0.908046	0.191756	0.360825	0.595745	0.067568	0.854063	0.534351	0.076003	0.888273	
15	0.057225	0.285271	0.021277	0.160480	0.799852	0.942529	0.161290	0.337827	0.683215	0.075676	0.772803	0.725191	0.062340	0.780507	
15	0.071531	0.213954	0.085106	0.146288	0.847294	1.000000	0.170251	0.365583	0.702128	0.106757	0.787728	0.595420	0.066610	0.926307	
15	0.022890	0.382171	0.000000	0.146288	0.604151	1.000000	0.193548	0.367169	0.654846	0.101351	0.787728	0.557252	0.035867	0.997623	
15	0.092990	0.216279	0.092199	0.140830	0.645663	1.000000	0.154122	0.347343	0.780142	0.077027	0.815920	0.625954	0.122972	0.919176	
15	0.035765	0.333333	0.028369	0.157205	0.669385	1.000000	0.163082	0.349722	0.806147	0.085135	0.852405	0.625954	0.079419	0.976228	
15	0.045780	0.296899	0.042553	0.139738	0.651594	1.000000	0.161290	0.368755	0.938534	0.072973	0.824212	0.732824	0.105892	0.973059	
16	1.000000	0.894574	0.673759	1.000000	0.896219	0.448276	0.906810	0.939730	0.491726	0.929730	1.000000	0.381679	0.890692	0.675119	
16	1.000000	0.892248	0.460993	1.000000	0.861379	0.540230	0.806452	0.937351	0.501182	0.800000	1.000000	0.404580	0.730999	0.621236	
16	1.000000	0.989147	0.524823	1.000000	0.868050	0.448276	0.879928	0.929421	0.524823	0.905405	1.000000	0.343512	0.854825	0.633914	
16	1.000000	0.947287	0.404255	1.000000	0.865085	0.379310	0.833333	0.929421	0.546099	0.859460	1.000000	0.374046	0.774552	0.618859	
16	1.000000	0.996899	0.468085	1.000000	0.874722	0.287356	0.862007	0.933386	0.510638	0.874324	1.000000	0.358779	0.812126	0.639461	
16	1.000000	0.975969	0.460993	1.000000	0.869533	0.252874	0.862007	0.931800	0.503546	0.885135	1.000000	0.358779	0.857387	0.668780	
16	1.000000	0.954264	0.446809	1.000000	0.839881	0.344828	0.881720	0.932593	0.498818	0.863514	1.000000	0.366412	0.841161	0.645008	
16	1.000000	0.909302	0.560284	1.000000	0.859155	0.344828	0.863799	0.928628	0.539007	0.909460	1.000000	0.374046	0.772844	0.646593	
16	1.000000	0.918605	0.347518	1.000000	0.827279	0.390805	0.865591	0.923870	0.510638	0.887838	1.000000	0.351145	0.794193	0.614105	
16	1.000000	0.890698	0.496454	1.000000	0.823573	0.494253	0.901434	0.922284	0.527187	0.894595	1.000000	0.351145	0.919727	0.644216	
17	0.067239	0.058915	0.156028	0.441048	0.175686	0.367816	0.811828	1.000000	0.536643	0.655405	1.000000	0.381679	0.752348	0.691759	
17	0.064378	0.017054	0.163121	0.270742	0.198666	0.540230	0.783154	1.000000	0.517731	0.544595	1.000000	0.099237	0.732707	0.983360	
17	0.047210	0.087597	0.120567	0.306769	0.203855	0.632184	0.749104	1.000000	0.527187	0.508108	0.968491	0.343512	0.737831	0.772583	
17	0.032904	0.191473	0.099291	0.216157	0.194218	0.413793	0.706093	1.000000	0.524823	0.517568	1.000000	0.335878	0.736977	0.819334	
17	0.065808	0.034884	0.113475	0.324236	0.188288	0.770115	0.697133	1.000000	0.524823	0.501351	1.000000	0.351145	0.764304	0.916006	
17	0.052933	0.048837	0.113475	0.222707	0.166790	0.574713	0.715054	1.000000	0.468085	0.448649	1.000000	0.396947	0.737831	0.864501	
17	0.048641	0.115504	0.120567	0.291485	0.169755	0.678161	0.682796	1.000000	0.458629	0.420270	1.000000	0.442748	0.753202	0.870048	
17	0.031474	0.141085	0.127660	0.180131	0.158636	1.000000	0.677419	1.000000	0.479905	0.428378	1.000000	0.335878	0.736123	0.944533	
17	0.035765	0.122481	0.113475	0.212882	0.154930	0.735632	0.679212	1.000000	0.475177	0.444595	1.000000	0.374046	0.738685	0.846276	
17	0.104435	0.020930	0.198582	0.424673	0.151223	0.666667	0.715054	1.000000	0.460993	0.594595	1.000000	0.450382	0.840307	0.977021	
18	0.709585	0.582946	0.319149	0.262009	0.216457	0.850575	0.474910	0.488501	0.160757	0.487838	0.965174	0.000000	0.783091	0.958003	
18	0.792561	0.613178	0.248227	0.233625	0.277242	0.747127	0.476703	0.412371	0.122931	0.497297	0.966833	0.000000	0.771136	0.969889	
18	0.706724	0.485271	0.212766	0.203057	0.300964	0.655172	0.458781	0.423473	0.099291	0.468919	0.980100	0.000000	0.790777	0.947702	
18	0.729614	0.528682	0.276596	0.200873	0.259451	0.724138	0.464158	0.445678	0.101655	0.455405	0.956882	0.000000	0.793339	0.982567	
18	0.686695	0.555039	0.347518	0.353712	0.235730	0.712644	0.550179	0.415543	0.219858	0.539189	1.000000	0.145038	0.808711	0.969097	
18	0.497854	0.414729	0.269504	0.409389	0.251297	0.632184	0.560932	0.405234	0.271868	0.577027	1.000000	0.000000	0.825790	1.000000	
18	0.549356	0.432558	0.191489	0.328603	0.255004	0.747127	0.621864	0.421094	0.186761	0.567568	0.990050	0.007634	0.808711	0.977813	
18	0.530758	0.413178	0.170213	0.436681	0.266123	0.597701	0.625448	0.400476	0.271868	0.572973	1.000000	0.091603	0.825790	0.934231	
18	0.489270	0.377519	0.205674	0.352620	0.266123	0.528736	0.507169	0.381443	0.231679	0.551351	1.000000	0.076336	0.829206	0.938986	
18	0.582260	0.420930	0.333333	0.435590	0.243884	0.724138	0.544803	0.406820	0.215130	0.558108	1.000000	0.000000	0.847993	0.971474	
19	0.309013	0.193799	0.014184	0.651747	0.180133	1.000000	0.955197	0.384615	0.437352	0.831081	0.912106	0.000000	0.804441	0.995246	
19	0.223176	0.164341	0.014184	0.670306	0.211268	0.586207	0.951613	0.329897	0.524823	0.985135	0.932007	0.167939	0.834330	0.936609	
19	0.297568	0.182171	0.106383	0.589520	0.237954	0.666667	0.876344	0.377478	0.470449	1.000000	0.968491	0.053435	0.825790	0.800317	
19	0.210300	0.152713	0.063830	0.524018	0.198666	0.448276	0.770609	0.388581	0.401891	0.960811	1.000000	0.305344	0.845431	0.932647	
19	0.241774	0.161240	0.092199	0.573144	0.208303	0.482759	0.896057	0.344171	0.451537	0.941892	0.956882	0.229008	0.803587	0.988114	
19	0.327611	0.187597	0.092199	0.484716	0.200148	0.735632	0.854839	0.340206	0.458629	0.858108	0.973466	0.229008	0.817250	0.979398	
19	0.314735	0.176744	0.141844	0.504367	0.210526	0.712644	0.838710	0.333862	0.496454	0.936487	1.000000	0.267176	0.816396	0.970681	
19	0.277539	0.173643	0.120567	0.461790	0.211268	0.873563	0.842294	0.390167	0.366430	0.862162	0.988391	0.206107	0.789069	0.958003	
19	0.351931	0.185271	0.184397	0.467249	0.209044	0.528736	0.844086	0.328311	0.439716	0.821622	1.000000	0.221374	0.782237	0.934231	
19	0.256080	0.167442	0.163121	0.466157	0.201631	0.827586	0.885305	0.344964	0.475177	0.850000	0.983416	0.229008	0.777968	0.958796	
20	0.416309	0.346512	0.191489	0.356987	0.179392	0.827586	0.213262	0.411578	0.087470	0.694595	1.000000	0.259542	0.512383	0.652140	
20	0.327611	0.281395	0.106383	0.411572	0.166790	0.747127	0.383513	0.394925	0.000000	0.741892	1.000000	0.175573	0.555935	0.671949	
20	0.357654	0.320930	0.148936	0.351528	0.168273	0.873563	0.213262	0.394132	0.212766	0.317568	1.000000	0.312977	0.251921	0.648970	
20	0.367668	0.337985	0.156028	0.393013	0.169755	0.931035	0.200717	0.402855	0.347518	0.436487	1.000000	0.366412	0.323655	0.679873	
20	0.361946	0.330233	0.177305	0.353712	0.161601	0.701149	0.200717	0.389374	0.130024	0.525676	1.000000	0.290076	0.333049	0.675911	
20	0.433476	0.394574	0.205674	0.475983	0.166790	0.701149	0.267025	0.409199	0.115839	0.782432	1.000000	0.412214	0.522630	0.763075	
20	0.394850	0.325581	0.127660	0.425764	0.188288	0.850575	0.270609	0.448850	0.056738	0.613514	1.000000	0.282443	0.473100	0.698891	
20	0.439199	0.405426	0.163121	0.430131	0.183099	0.873563	0.254480	0.437748	0.271868	0.552703	1.000000	0.404580	0.406490	0.777338	
20	0.479256	0.413954	0.049645	0.562227	0.164566	1.000000	0.376344	0.381443	0.442080	0.548649	1.000000	0.404580	0.761742	0.716323	
20	0.391989	0.332558	0.156028	0.481441	0.134174	0.988506	0.374552	0.437748	0.153664	0.739189	1.000000	0.335878	0.519214	0.690174	
21	0.417740	0.479070	0.262411	0.260917	0.618977	0.850575	0.600358	0.984140	0.744681	0.377027	1.000000	0.450382	0.373185	0.711569	
21	0.447783	0.496899	0.304965	0.253275	0.702743	0.885057	0.612903	0.969865	0.680851	0.470270	1.000000	0.450382	0.453459	0.716323	
21	0.407725	0.441861	0.212766	0.396288	0.499629	0.287356	0.537634	1.000000	0.671395	0.275676	1.000000	0.450382	0.265585	0.857369	
21	0.443491	0.482946	0.269504	0.378821	0.661231	0.563218	0.596774	1.000000	0.638298	0.332432	1.000000	0.465649	0.393681	0.866086	
21	0.449213	0.478295	0.269504	0.322052	0.672350	0.540230	0.612903	1.000000	0.614657	0.372973	1.000000	0.465649	0.363792	0.916006	
21	0.449213	0.465116	0.262411	0.382096	0.567087	0.333333	0.591398	1.000000	0.609929	0.362162	1.000000	0.442748	0.360376	0.775753	
21	0.464950	0.479845	0.304965	0.335153	0.638251	0.390805	0.664875	1.000000	0.572104	0.463514	1.000000	0.458015	0.450043	0.792393	
21	0.516452	0.546512	0.326241	0.375546	0.637509	0.275862	0.646953	1.000000	0.614657	0.405405	1.000000	0.450382	0.426132	0.808241	
21	0.423462	0.455039	0.248227	0.313319	0.570052	0.321839	0.616487	1.000000	0.650118	0.364865	1.000000	0.458015	0.379163	0.747227	
21	0.400572	0.400775	0.269504	0.296943	0.674574	0.413793	0.603943	1.000000	0.581560	0.339189	1.000000	0.473283	0.303160	0.747227	
22	0.114449	0.234109	0.184397	0.790393	0.501853	0.747127	0.625448	0.584457	0.659574	0.308108	0.839138	0.541985	0.145175	0.385895	
22	0.082976	0.229457	0.191489	0.724891	0.449222	0.770115	0.575269	0.618557	0.619385	0.309459	0.800995	0.526718	0.187020	0.420761	
22	0.221745	0.271318	0.255319	0.715066	0.561156	0.862069	0.571685	0.736717	0.692671	0.262162	0.854063	0.526718	0.149445	0.465135	
22	0.236052	0.273643	0.248227	0.708515	0.574500	0.793104	0.594982	0.737510	0.643026	0.352703	0.865672	0.503817	0.263877	0.423930	
22	0.121602	0.264341	0.212766	0.731441	0.512231	0.793104	0.564516	0.666931	0.657210	0.321622	0.834163	0.526718	0.237404	0.435816	
22	0.124464	0.244961	0.134752	0.658297	0.571535	0.827586	0.514337	0.800159	0.685579	0.239189	0.835821	0.511450	0.160547	0.437401	
22	0.067239	0.241861	0.184397	0.713974	0.523351	0.804598	0.578853	0.646313	0.652482	0.345946	0.800995	0.511450	0.294620	0.436609	
22	0.051502	0.196899	0.106383	0.653930	0.524092	0.793104	0.514337	0.655829	0.711584	0.264865	0.779436	0.526718	0.128096	0.431854	
22	0.048641	0.234884	0.120567	0.664847	0.530764	0.724138	0.543011	0.679619	0.716312	0.250000	0.797678	0.534351	0.130658	0.410460	
22	0.131617	0.256589	0.170213	0.645197	0.527798	0.701149	0.496416	0.657415	0.737589	0.236487	0.776119	0.526718	0.111016	0.385103	
23	0.027182	0.104651	0.092199	0.117904	0.216457	0.724138	0.265233	0.310071	0.872340	0.287838	0.487562	0.587786	0.274125	0.090333	
23	0.024320	0.149612	0.127660	0.143013	0.226093	0.620690	0.267025	0.245044	0.858156	0.304054	0.456053	0.526718	0.422716	0.132330	
23	0.027182	0.141861	0.113475	0.110262	0.230541	0.701149	0.292115	0.172879	0.905437	0.329730	0.427861	0.519084	0.434671	0.111727	
23	0.067239	0.153488	0.134752	0.131004	0.231282	0.586207	0.256272	0.253767	0.862884	0.277027	0.449420	0.557252	0.280956	0.125198	
23	0.022890	0.116279	0.085106	0.133188	0.231282	0.643678	0.299283	0.207772	0.846336	0.366216	0.427861	0.534351	0.461998	0.098257	
23	0.031474	0.034109	0.056738	0.126638	0.229800	0.655172	0.281362	0.168914	0.801418	0.344595	0.378110	0.526718	0.461998	0.087163	
23	0.022890	0.032558	0.042553	0.109170	0.222387	0.643678	0.279570	0.117367	0.841608	0.322973	0.328358	0.519084	0.404782	0.068938	
23	0.034335	0.057364	0.113475	0.141921	0.220163	0.586207	0.297491	0.185567	0.742317	0.372973	0.374793	0.564886	0.477370	0.027734	
23	0.042918	0.020155	0.042553	0.128821	0.222387	0.586207	0.261649	0.089611	0.791962	0.305405	0.326700	0.564886	0.323655	0.090333	
23	0.037196	0.048837	0.070922	0.116812	0.239437	0.724138	0.279570	0.082474	0.836879	0.322973	0.318408	0.519084	0.428693	0.079239	
24	0.054363	0.031783	0.234043	0.594978	0.975537	0.712644	0.727599	1.000000	0.583924	0.670270	1.000000	0.595420	0.724167	0.139461	
24	0.047210	0.069767	0.234043	0.667031	0.986657	0.597701	0.734767	1.000000	0.569740	0.689189	1.000000	0.610687	0.738685	0.145800	
24	0.041488	0.059690	0.205674	0.710699	0.974055	0.747127	0.761649	1.000000	0.588653	0.682432	0.986733	0.610687	0.672929	0.117274	
24	0.040057	0.055039	0.198582	0.722708	0.995552	0.850575	0.704301	1.000000	0.588653	0.627027	0.988391	0.610687	0.722459	0.120444	
24	0.034335	0.059690	0.248227	0.680131	1.000000	0.862069	0.836918	1.000000	0.614657	0.728378	0.975124	0.610687	0.760888	0.139461	
24	0.037196	0.054264	0.198582	0.645197	0.975537	0.758621	0.836918	1.000000	0.569740	0.760811	0.970149	0.587786	0.664389	0.166403	
24	0.032904	0.120930	0.191489	0.603712	0.985174	0.448276	0.752688	1.000000	0.557920	0.771622	1.000000	0.580153	0.726729	0.161648	
24	0.027182	0.172868	0.191489	0.605895	0.997776	0.425287	0.758065	1.000000	0.557920	0.758108	0.925373	0.580153	0.646456	0.149762	
24	0.058655	0.024806	0.212766	0.651747	0.997776	0.632184	0.799283	1.000000	0.543735	0.767568	0.943615	0.595420	0.632793	0.156101	
24	0.038627	0.098450	0.219858	0.597162	0.981468	0.471264	0.722222	1.000000	0.555556	0.717568	0.955224	0.511450	0.510675	0.183835	
25	1.000000	0.631008	0.262411	0.866812	0.947368	0.735632	0.641577	0.966693	0.203310	0.787838	1.000000	0.381679	0.963279	0.751981	
25	0.539342	0.379070	0.269504	0.685590	0.867309	0.528736	0.566308	0.876289	0.413712	0.594595	1.000000	0.480916	0.852263	0.587956	
25	0.974249	0.765892	0.205674	0.883188	0.939956	0.643678	0.618280	0.938937	0.326241	0.720270	1.000000	0.396947	0.972673	0.697306	
25	0.871245	0.672868	0.191489	0.874454	0.954040	0.482759	0.652330	0.942902	0.172577	0.910811	1.000000	0.366412	0.959863	0.691759	
25	0.639485	0.609302	0.184397	0.874454	0.952557	0.471264	0.598566	0.888184	0.141844	1.000000	1.000000	0.358779	0.982067	0.719493	
25	0.768240	0.661240	0.184397	0.886463	0.966642	0.505747	0.641577	0.938144	0.226950	0.787838	1.000000	0.374046	0.959863	0.675911	
25	1.000000	0.757364	0.226950	0.808952	0.988881	0.482759	0.679212	0.934972	0.212766	0.855405	1.000000	0.374046	0.934244	0.667987	
25	0.689557	0.560465	0.163121	0.834061	0.973314	0.310345	0.598566	0.906423	0.151300	1.000000	1.000000	0.389313	0.932536	0.694929	
25	0.721030	0.624031	0.191489	0.852620	0.965159	0.471264	0.593190	0.883426	0.120567	0.974324	1.000000	0.358779	0.950470	0.694136	
25	0.603720	0.535659	0.191489	0.803493	0.971831	0.425287	0.629032	0.923870	0.066194	0.972973	1.000000	0.328244	0.877882	0.694136	
26	0.194564	0.154264	0.000000	0.458515	0.260934	1.000000	0.259857	0.333069	0.940898	0.216216	0.570481	0.274809	0.175064	0.030111	
26	0.140200	0.158140	0.000000	0.390830	0.335063	1.000000	0.241936	0.363204	0.891253	0.194595	0.601990	0.297710	0.169086	0.045959	
26	0.135908	0.151163	0.000000	0.381004	0.338770	0.931035	0.231183	0.363997	0.874705	0.179730	0.600332	0.206107	0.187874	0.059429	
26	0.090129	0.124806	0.000000	0.338428	0.288362	0.919540	0.232975	0.343378	0.940898	0.175676	0.553897	0.274809	0.220325	0.046751	
26	0.085837	0.120155	0.000000	0.319869	0.270571	0.931035	0.229391	0.352895	0.874705	0.170270	0.524046	0.251908	0.172502	0.030111	
26	0.131617	0.145736	0.000000	0.398472	0.303188	0.862069	0.197133	0.352102	0.853428	0.160811	0.525705	0.206107	0.336465	0.072900	
26	0.128755	0.136434	0.000000	0.323144	0.295775	0.931035	0.220430	0.351309	0.808511	0.166216	0.515755	0.229008	0.226302	0.048336	
26	0.128755	0.141861	0.000000	0.360262	0.381023	0.908046	0.198925	0.362411	0.843972	0.154054	0.509121	0.213741	0.251921	0.057845	
26	0.134478	0.143411	0.000000	0.359170	0.355819	0.965517	0.202509	0.356860	0.822695	0.164865	0.532338	0.244275	0.231426	0.061014	
26	0.067239	0.090698	0.000000	0.348253	0.283914	1.000000	0.249104	0.355274	0.933806	0.201351	0.514096	0.290076	0.243382	0.044374	
27	0.484979	0.517054	0.446809	0.955240	1.000000	0.712644	0.758065	1.000000	0.659574	0.751351	1.000000	0.557252	0.860803	0.883518	
27	0.474964	0.513954	0.460993	0.873362	1.000000	0.482759	0.881720	1.000000	0.565012	0.872973	1.000000	0.442748	0.831768	0.986529	
27	0.555079	0.469768	0.432624	0.824236	1.000000	0.390805	0.833333	1.000000	0.576832	0.937838	1.000000	0.458015	0.874466	0.981775	
27	0.510730	0.425581	0.418440	0.740175	1.000000	0.701149	0.892473	1.000000	0.572104	0.963514	1.000000	0.450382	0.858241	0.954834	
27	0.473534	0.417054	0.418440	0.737991	1.000000	0.528736	0.836918	1.000000	0.539007	0.993243	1.000000	0.404580	0.850555	0.936609	
27	0.331903	0.337209	0.397163	0.944323	1.000000	0.448276	0.906810	1.000000	0.541371	0.913514	1.000000	0.473283	0.937660	1.000000	
27	0.276109	0.283721	0.390071	0.863537	1.000000	0.436782	0.928315	1.000000	0.515366	0.998649	1.000000	0.442748	0.896670	1.000000	
27	0.270386	0.254264	0.368794	0.837336	1.000000	0.597701	0.949821	1.000000	0.529551	0.872973	1.000000	0.442748	0.837746	0.985737	
27	0.616595	0.445736	0.425532	0.676856	1.000000	0.586207	0.842294	1.000000	0.513002	0.760811	1.000000	0.442748	0.814688	0.941363	
27	0.512160	0.439535	0.418440	0.765284	1.000000	0.459770	1.000000	1.000000	0.458629	0.927027	1.000000	0.358779	0.851409	0.954041	
28	0.357654	0.308527	0.248227	0.257642	0.384729	0.402299	0.478495	0.865186	0.394799	0.805405	1.000000	0.396947	0.942784	0.714739	
28	0.437768	0.347287	0.276596	0.313319	0.409192	0.310345	0.571685	0.881840	0.345154	0.979730	1.000000	0.366412	1.000000	0.883518	
28	0.446352	0.348062	0.248227	0.426856	0.366939	0.264368	0.677419	0.866772	0.354610	1.000000	1.000000	0.381679	1.000000	0.806656	
28	0.459228	0.364341	0.262411	0.386463	0.350630	0.264368	0.689964	0.864393	0.366430	0.974324	1.000000	0.320611	0.947908	0.698098	
28	0.422032	0.341085	0.255319	0.424673	0.303929	0.298851	0.709677	0.858842	0.354610	1.000000	1.000000	0.351145	0.994876	0.755943	
28	0.457797	0.369767	0.276596	0.401747	0.273536	0.275862	0.715054	0.884219	0.295508	1.000000	1.000000	0.328244	0.948762	0.739303	
28	0.250358	0.257364	0.177305	0.417031	0.243143	0.241379	0.731183	0.854084	0.349882	1.000000	1.000000	0.335878	0.974381	0.774168	
28	0.389127	0.326357	0.276596	0.305677	0.264641	0.448276	0.729391	0.894528	0.283688	1.000000	1.000000	0.305344	0.957301	0.786054	
28	0.387697	0.303101	0.269504	0.259825	0.379540	0.413793	0.711470	0.850912	0.359338	1.000000	1.000000	0.305344	0.952178	0.746434	
28	0.391989	0.317054	0.262411	0.374454	0.329874	0.264368	0.715054	0.869152	0.281324	1.000000	1.000000	0.351145	0.982921	0.775753	
29	0.676681	0.494574	0.489362	0.228166	0.290586	0.712644	0.326165	0.288660	0.947991	0.356757	0.487562	0.603054	0.235696	0.003962	
29	0.690987	0.463566	0.432624	0.220524	0.303188	0.770115	0.299283	0.249009	0.952719	0.320270	0.409619	0.694657	0.278395	0.068938	
29	0.683834	0.500775	0.524823	0.243450	0.293551	0.758621	0.320789	0.247423	0.940898	0.309459	0.427861	0.732824	0.245090	0.048336	
29	0.738197	0.472093	0.361702	0.183406	0.318013	0.770115	0.313620	0.186360	0.855792	0.336487	0.394693	0.656489	0.365500	0.078447	
29	0.670959	0.468992	0.439716	0.191048	0.297999	0.689655	0.277778	0.255353	0.799054	0.321622	0.434494	0.633588	0.284372	0.064976	
29	0.715308	0.472093	0.411348	0.140830	0.280208	0.724138	0.275986	0.249802	0.732861	0.341892	0.419569	0.664122	0.344150	0.069731	
29	0.725322	0.486822	0.425532	0.220524	0.280949	0.747127	0.311828	0.172879	0.716312	0.344595	0.316750	0.656489	0.324509	0.051506	
29	0.733906	0.483721	0.361702	0.231441	0.259451	0.701149	0.322581	0.264076	0.860520	0.325676	0.338309	0.702290	0.253629	0.037242	
29	0.733906	0.437209	0.375887	0.158297	0.275760	0.793104	0.292115	0.166535	0.732861	0.314865	0.344942	0.648855	0.317677	0.051506	
29	0.701001	0.459690	0.439716	0.171397	0.244626	0.666667	0.256272	0.237113	0.685579	0.320270	0.366501	0.610687	0.315115	0.049128	
30	0.101574	0.186047	0.085106	0.247817	0.400297	0.206897	0.163082	0.865186	0.735225	0.121622	0.742952	0.297710	0.181896	0.259905	
30	0.080114	0.189147	0.021277	0.272926	0.487027	0.528736	0.240143	0.816812	0.711584	0.144595	0.781095	0.412214	0.098207	0.549921	
30	0.203147	0.303101	0.184397	0.322052	0.643440	0.678161	0.241936	0.804124	0.869976	0.144595	0.742952	0.549618	0.081127	0.599049	
30	0.057225	0.253488	0.092199	0.329694	0.456635	0.333333	0.179212	0.840603	0.739953	0.118919	0.742952	0.358779	0.122972	0.446117	
30	0.045780	0.268992	0.085106	0.295852	0.490734	0.367816	0.186380	0.857256	0.706856	0.114865	0.776119	0.374046	0.118702	0.564184	
30	0.052933	0.299225	0.078014	0.272926	0.584878	0.459770	0.200717	0.863600	0.706856	0.124324	0.845771	0.511450	0.094791	0.786054	
30	0.062947	0.235659	0.078014	0.167031	0.495182	0.517241	0.209677	0.873910	0.683215	0.129730	0.844113	0.419847	0.120410	0.450872	
30	0.062947	0.249612	0.113475	0.387555	0.486286	0.574713	0.345878	0.789849	0.704492	0.229730	0.754561	0.557252	0.128950	0.315372	
30	0.104435	0.329457	0.226950	0.295852	0.528540	0.586207	0.299283	0.846947	0.796690	0.206757	0.812604	0.801527	0.120410	0.595880	
30	0.051502	0.273643	0.148936	0.283843	0.478132	0.540230	0.254480	0.864393	0.768322	0.189189	0.932007	1.000000	0.080273	0.827258	
31	0.291846	0.275969	0.113475	0.203057	0.186805	0.528736	0.232975	0.977002	0.676123	0.144595	0.870647	0.496183	0.221179	0.402536	
31	0.261803	0.255814	0.007092	0.196507	0.178651	0.609195	0.274194	0.967486	0.713948	0.140541	0.842454	0.557252	0.175918	0.351823	
31	0.263233	0.259690	0.063830	0.199782	0.136397	0.724138	0.308244	0.948454	0.695036	0.143243	0.827529	0.564886	0.189582	0.386688	
31	0.271817	0.239535	0.021277	0.211790	0.183099	0.666667	0.247312	0.965900	0.713948	0.143243	0.857380	0.580153	0.194705	0.425515	
31	0.253219	0.237985	0.049645	0.182314	0.160860	0.482759	0.290323	0.973830	0.619385	0.129730	0.877280	0.511450	0.229718	0.502377	
31	0.243205	0.245736	0.070922	0.194323	0.163084	0.609195	0.270609	0.940523	0.657210	0.158108	0.840796	0.549618	0.234842	0.345483	
31	0.241774	0.250388	0.049645	0.164847	0.151964	0.609195	0.224014	0.912768	0.619385	0.118919	0.868988	0.564886	0.104185	0.486529	
31	0.224607	0.226357	0.014184	0.225983	0.131208	0.574713	0.247312	0.925456	0.605201	0.128378	0.840796	0.549618	0.156277	0.385895	
31	0.226037	0.217054	0.035461	0.221616	0.143810	0.712644	0.320789	0.926249	0.645390	0.140541	0.835821	0.557252	0.211785	0.415214	
31	0.200286	0.198450	0.028369	0.229258	0.128243	0.643678	0.335125	0.954005	0.583924	0.210811	0.792703	0.503817	0.324509	0.370048	
32	0.161660	0.246512	0.304965	0.994542	0.223870	0.724138	0.802867	1.000000	0.628842	0.728378	1.000000	0.580153	0.866781	0.847861	
32	0.214592	0.270543	0.326241	1.000000	0.216457	0.816092	0.949821	0.992863	0.548463	0.848649	1.000000	0.427481	0.923997	0.893027	
32	0.177396	0.243411	0.304965	1.000000	0.268347	0.747127	0.940860	1.000000	0.586288	0.787838	1.000000	0.580153	0.847139	0.900159	
32	0.238913	0.270543	0.340426	1.000000	0.238695	0.781609	0.985663	1.000000	0.524823	0.822973	1.000000	0.488550	0.875320	0.808241	
32	0.248927	0.278295	0.319149	1.000000	0.256486	0.781609	1.000000	1.000000	0.588653	0.889189	1.000000	0.572519	0.920581	0.791601	
32	0.273248	0.279070	0.340426	1.000000	0.247591	0.816092	1.000000	1.000000	0.531915	0.894595	1.000000	0.519084	0.893254	0.779715	
32	0.254650	0.258140	0.297872	1.000000	0.295775	0.839081	0.971326	1.000000	0.520095	0.867568	1.000000	0.503817	0.944492	0.713154	
32	0.193133	0.265116	0.326241	1.000000	0.277242	0.678161	1.000000	1.000000	0.548463	0.897297	1.000000	0.549618	0.911187	0.808241	
32	0.148784	0.241085	0.269504	1.000000	0.263899	0.643678	0.994624	1.000000	0.541371	0.885135	1.000000	0.549618	0.965841	0.742472	
32	0.195994	0.251163	0.283688	1.000000	0.267606	0.574713	1.000000	1.000000	0.555556	0.932432	1.000000	0.519084	0.992314	0.732171	
33	0.098712	0.153488	0.028369	0.874454	0.251297	0.816092	0.627240	0.411578	0.664303	0.747297	0.650083	0.526718	0.645602	0.267829	
33	0.084406	0.140310	0.000000	0.898472	0.235730	1.000000	0.637993	0.417922	0.652482	0.725676	0.645108	0.549618	0.567037	0.254358	
33	0.084406	0.127132	0.070922	0.973799	0.187546	0.850575	0.654122	0.375892	0.659574	0.809459	0.520730	0.572519	0.602050	0.217908	
33	0.080114	0.121705	0.056738	0.941048	0.187546	0.908046	0.641577	0.385408	0.650118	0.763514	0.494196	0.564886	0.536294	0.248811	
33	0.074392	0.121705	0.000000	0.877729	0.212750	0.827586	0.598566	0.413164	0.671395	0.666216	0.507463	0.534351	0.485910	0.309826	
33	0.075823	0.120930	0.000000	0.901747	0.223128	0.908046	0.603943	0.403648	0.711584	0.708108	0.480929	0.526718	0.517506	0.270998	
33	0.090129	0.122481	0.007092	0.921397	0.252039	0.885057	0.659498	0.402855	0.645390	0.790541	0.489221	0.496183	0.624253	0.311411	
33	0.094421	0.131008	0.000000	0.873362	0.274277	0.873563	0.596774	0.421887	0.704492	0.729730	0.472637	0.511450	0.549957	0.287639	
33	0.088698	0.132558	0.000000	0.843886	0.263158	0.804598	0.600358	0.418715	0.676123	0.737838	0.470978	0.503817	0.514945	0.332805	
33	0.094421	0.134884	0.000000	0.828603	0.242402	0.816092	0.553763	0.390167	0.695036	0.667568	0.434494	0.503817	0.491887	0.254358	
34	0.549356	0.504651	0.936170	0.455240	0.200148	0.609195	0.421147	0.315623	0.704492	0.405405	0.411277	0.610687	0.280103	0.179081	
34	0.513591	0.455039	0.971631	0.406114	0.214974	0.586207	0.297491	0.273592	0.827423	0.345946	0.416252	0.641221	0.129804	0.151347	
34	0.576538	0.478295	0.560284	0.455240	0.204596	0.724138	0.455197	0.353688	0.713948	0.477027	0.479270	0.625954	0.596926	0.195721	
34	0.540773	0.443411	0.652482	0.403930	0.236472	0.574713	0.379928	0.395718	0.643026	0.367568	0.490879	0.587786	0.233988	0.169572	
34	0.543634	0.479845	0.503546	0.417031	0.230541	0.632184	0.417563	0.371134	0.654846	0.397297	0.490879	0.610687	0.315969	0.176704	
34	0.460658	0.412403	0.659574	0.383188	0.223128	0.689655	0.392473	0.372720	0.721040	0.370270	0.472637	0.633588	0.149445	0.159271	
34	0.457797	0.439535	0.531915	0.372271	0.231282	0.540230	0.390681	0.364790	0.704492	0.393243	0.462687	0.625954	0.267293	0.177496	
34	0.499285	0.453488	0.539007	0.389738	0.231282	0.551724	0.437276	0.379064	0.673759	0.443243	0.489221	0.610687	0.327071	0.179873	
34	0.389127	0.395349	0.588653	0.376638	0.217939	0.701149	0.347670	0.325139	0.737589	0.358108	0.419569	0.633588	0.174210	0.175911	
34	0.397711	0.400000	0.524823	0.385371	0.208303	0.724138	0.354839	0.314037	0.702128	0.352703	0.414594	0.671756	0.094791	0.130745	
35	0.316166	0.275969	0.099291	0.159389	0.567087	1.000000	0.154122	0.661380	0.101655	0.286487	0.980100	0.473283	0.083689	0.404120	
35	0.258941	0.261240	0.070922	0.184498	0.478132	0.873563	0.166667	0.674861	0.037825	0.221622	1.000000	0.534351	0.036721	0.424723	
35	0.264664	0.262016	0.056738	0.162664	0.476649	1.000000	0.154122	0.699445	0.000000	0.183784	0.946932	0.549618	0.037575	0.447702	
35	0.257511	0.266667	0.056738	0.175764	0.500371	0.908046	0.161290	0.747026	0.000000	0.193243	1.000000	0.519084	0.035867	0.446910	
35	0.217454	0.245736	0.021277	0.185590	0.455893	0.712644	0.139785	0.636796	0.113475	0.191892	0.936982	0.534351	0.042699	0.419176	
35	0.206009	0.229457	0.007092	0.186681	0.430689	1.000000	0.148746	0.617764	0.000000	0.222973	0.955224	0.503817	0.046968	0.427892	
35	0.214592	0.236434	0.035461	0.197598	0.564863	0.827586	0.146953	0.677240	0.014184	0.202703	0.936982	0.519084	0.044406	0.421553	
35	0.198856	0.239535	0.028369	0.181223	0.508525	1.000000	0.159498	0.673275	0.004728	0.175676	0.993367	0.549618	0.052946	0.433439	
35	0.206009	0.222481	0.000000	0.228166	0.499629	0.862069	0.150538	0.718477	0.033097	0.127027	0.980100	0.526718	0.063194	0.430269	
35	0.201717	0.237209	0.021277	0.244542	0.475167	0.896552	0.154122	0.675654	0.056738	0.139189	0.973466	0.519084	0.056362	0.473059	
36	0.203147	0.257364	0.226950	0.080786	0.535211	0.517241	0.129032	0.698652	0.586288	0.039189	0.552239	0.374046	0.206661	0.051506	
36	0.128755	0.234884	0.170213	0.131004	0.565604	0.528736	0.163082	0.752577	0.621749	0.060811	0.636816	0.473283	0.183604	0.070523	
36	0.194564	0.276744	0.226950	0.112445	0.582654	0.712644	0.161290	0.657415	0.666667	0.072973	0.577114	0.488550	0.138343	0.057845	
36	0.144492	0.214729	0.170213	0.109170	0.497406	0.425287	0.139785	0.676447	0.711584	0.059459	0.562189	0.473283	0.139197	0.060222	
36	0.193133	0.247287	0.191489	0.106987	0.485545	0.574713	0.159498	0.665345	0.730497	0.068919	0.563847	0.557252	0.159693	0.040412	
36	0.314735	0.282171	0.226950	0.125546	0.568569	0.471264	0.164875	0.624108	0.751773	0.075676	0.548922	0.603054	0.110162	0.086371	
36	0.247496	0.262791	0.191489	0.153930	0.633062	0.402299	0.168459	0.691515	0.763593	0.075676	0.573798	0.603054	0.148591	0.070523	
36	0.204578	0.263566	0.170213	0.163756	0.624166	0.459770	0.186380	0.705789	0.775414	0.083784	0.582090	0.572519	0.120410	0.112520	
36	0.340486	0.267442	0.198582	0.203057	0.629355	0.333333	0.182796	0.696273	0.782506	0.095946	0.610282	0.534351	0.084543	0.117274	
36	0.197425	0.248837	0.170213	0.193231	0.645663	0.436782	0.218638	0.711340	0.737589	0.105405	0.588723	0.549618	0.082835	0.105388	
37	0.118741	0.250388	0.184397	0.073144	0.607116	0.885057	0.148746	0.809675	0.536643	0.013514	0.665008	0.145038	0.159693	0.090333	
37	0.151645	0.258140	0.148936	0.043668	0.613788	0.954023	0.157706	0.747026	0.505910	0.036486	0.641791	0.175573	0.121264	0.105388	
37	0.198856	0.288372	0.212766	0.013100	0.664196	1.000000	0.154122	0.722443	0.541371	0.035135	0.628524	0.167939	0.140051	0.106181	
37	0.092990	0.240310	0.127660	0.072052	0.590067	0.862069	0.184588	0.731959	0.517731	0.017568	0.597015	0.183206	0.160547	0.099049	
37	0.185980	0.284496	0.163121	0.058952	0.634544	0.988506	0.186380	0.715305	0.444444	0.021622	0.600332	0.183206	0.129804	0.095087	
37	0.091559	0.226357	0.120567	0.079694	0.631579	0.758621	0.186380	0.632038	0.517731	0.054054	0.598673	0.251908	0.122972	0.097464	
37	0.041488	0.214729	0.092199	0.101528	0.602669	0.724138	0.207885	0.622522	0.489362	0.048649	0.578773	0.221374	0.138343	0.093502	
37	0.074392	0.205426	0.099291	0.065502	0.614529	0.908046	0.188172	0.698652	0.501182	0.055405	0.650083	0.183206	0.121264	0.106973	
37	0.082976	0.233333	0.113475	0.077511	0.532987	1.000000	0.215054	0.572561	0.529551	0.054054	0.600332	0.229008	0.147737	0.084786	
37	0.121602	0.241861	0.134752	0.058952	0.587843	1.000000	0.172043	0.691515	0.460993	0.054054	0.620232	0.213741	0.099915	0.100634	
38	0.127325	0.086047	0.000000	0.072052	0.211268	0.873563	0.240143	0.333069	0.728132	0.072973	0.512438	0.229008	0.174210	0.016640	
38	0.117310	0.109302	0.007092	0.112445	0.229059	0.827586	0.268817	0.335448	0.754137	0.071622	0.490879	0.236641	0.167378	0.026941	
38	0.158798	0.106202	0.021277	0.131004	0.218681	0.781609	0.267025	0.346550	0.699764	0.074324	0.485904	0.305344	0.157985	0.043582	
38	0.077253	0.073643	0.000000	0.136463	0.213492	0.873563	0.263441	0.355274	0.723404	0.081081	0.494196	0.236641	0.178480	0.036450	
38	0.160229	0.172093	0.099291	0.143013	0.243884	0.678161	0.283154	0.352102	0.730497	0.075676	0.464345	0.290076	0.162255	0.030111	
38	0.117310	0.137209	0.028369	0.129913	0.242402	0.758621	0.317204	0.371927	0.683215	0.106757	0.514096	0.183206	0.162255	0.033281	
38	0.085837	0.075969	0.000000	0.139738	0.217198	0.816092	0.283154	0.353688	0.735225	0.077027	0.514096	0.236641	0.202391	0.066561	
38	0.060086	0.080620	0.000000	0.198690	0.229059	0.850575	0.310036	0.374306	0.758865	0.087838	0.505804	0.282443	0.175918	0.049128	
38	0.080114	0.072093	0.000000	0.186681	0.232024	0.793104	0.317204	0.391753	0.687943	0.094595	0.514096	0.312977	0.164816	0.041204	
38	0.090129	0.089922	0.000000	0.182314	0.229800	0.862069	0.318996	0.390960	0.626478	0.089189	0.504146	0.290076	0.161401	0.041997	
39	0.161660	0.218605	0.134752	0.331878	0.461082	0.597701	0.232975	0.449643	0.799054	0.105405	0.555556	0.465649	0.245944	0.049921	
39	0.120172	0.232558	0.148936	0.372271	0.486286	0.885057	0.254480	0.524187	0.886525	0.129730	0.562189	0.442748	0.187020	0.067353	
39	0.230329	0.231783	0.148936	0.364629	0.437361	0.551724	0.240143	0.497224	0.825059	0.117568	0.525705	0.358779	0.254483	0.050713	
39	0.115880	0.229457	0.078014	0.336245	0.504077	0.724138	0.270609	0.611420	0.815603	0.147297	0.548922	0.419847	0.222033	0.050713	
39	0.193133	0.251938	0.177305	0.351528	0.545589	0.781609	0.254480	0.483743	0.806147	0.154054	0.489221	0.366412	0.263023	0.050713	
39	0.354793	0.296124	0.198582	0.422489	0.601186	0.770115	0.256272	0.519429	0.862884	0.155405	0.552239	0.503817	0.230572	0.051506	
39	0.274678	0.239535	0.092199	0.393013	0.558933	0.712644	0.238351	0.415543	0.813239	0.150000	0.479270	0.305344	0.246798	0.043582	
39	0.173104	0.242636	0.078014	0.354804	0.526316	0.517241	0.241936	0.454401	0.725768	0.140541	0.522388	0.274809	0.187020	0.052298	
39	0.273248	0.258140	0.184397	0.402838	0.564863	0.643678	0.261649	0.527359	0.739953	0.155405	0.499171	0.335878	0.260461	0.052298	
39	0.135908	0.215504	0.056738	0.477074	0.451446	0.747127	0.272401	0.603489	0.829787	0.152703	0.562189	0.442748	0.210077	0.049921	
40	0.044349	0.087597	0.106383	0.421397	0.273536	0.540230	0.516129	0.230769	0.165485	0.802703	0.938640	0.274809	0.724167	0.633122	
40	0.052933	0.074419	0.085106	0.377729	0.309118	0.574713	0.482079	0.281523	0.172577	0.651351	0.930348	0.320611	0.711358	0.654517	
40	0.054363	0.060465	0.148936	0.431223	0.315790	0.528736	0.573477	0.310071	0.217494	0.677027	0.951907	0.351145	0.716482	0.635499	
40	0.092990	0.079070	0.205674	0.390830	0.304670	0.678161	0.528674	0.399683	0.281324	0.566216	0.948590	0.381679	0.713066	0.699683	
40	0.051502	0.094574	0.063830	0.326419	0.312083	0.655172	0.449821	0.349722	0.241135	0.529730	0.915423	0.312977	0.695986	0.694136	
40	0.055794	0.086047	0.063830	0.307860	0.337287	0.586207	0.483871	0.367169	0.198582	0.481081	0.935323	0.267176	0.690863	0.709984	
40	0.048641	0.142636	0.148936	0.381004	0.306153	0.597701	0.600358	0.379064	0.366430	0.506757	1.000000	0.374046	0.712212	0.762282	
40	0.060086	0.058140	0.092199	0.300218	0.326168	0.563218	0.571685	0.411578	0.260047	0.475676	0.966833	0.282443	0.678053	0.667195	
40	0.050072	0.115504	0.078014	0.303493	0.331357	0.597701	0.566308	0.413164	0.309693	0.464865	1.000000	0.343512	0.695986	0.731379	
40	0.065808	0.025581	0.063830	0.308952	0.322461	0.540230	0.602151	0.431404	0.392435	0.468919	1.000000	0.389313	0.716482	0.826466	
41	0.070100	0.034884	0.191489	0.378821	0.174944	0.919540	0.405018	0.483743	0.893617	0.486487	0.452736	0.885496	0.249360	0.051506	
41	0.045780	0.015504	0.099291	0.356987	0.169755	0.919540	0.358423	0.398890	0.945627	0.422973	0.470978	0.610687	0.314261	0.071315	
41	0.080114	0.034109	0.106383	0.350437	0.166049	0.919540	0.360215	0.407613	0.959811	0.422973	0.489221	0.595420	0.263023	0.057052	
41	0.085837	0.070543	0.085106	0.382096	0.182357	0.839081	0.383513	0.406820	0.921986	0.400000	0.495854	0.541985	0.179334	0.060222	
41	0.085837	0.079070	0.163121	0.385371	0.178651	0.885057	0.412186	0.504362	0.860520	0.463514	0.462687	0.687023	0.146883	0.040412	
41	0.040057	0.025581	0.106383	0.296943	0.191994	0.873563	0.308244	0.440920	0.806147	0.283784	0.437811	0.587786	0.139197	0.073693	
41	0.058655	0.034884	0.078014	0.335153	0.160860	0.804598	0.369176	0.406820	0.827423	0.350000	0.441128	0.549618	0.212639	0.076070	
41	0.078684	0.037985	0.042553	0.443231	0.179392	0.701149	0.367384	0.382236	0.858156	0.395946	0.484245	0.511450	0.110162	0.020602	
41	0.070100	0.009302	0.085106	0.352620	0.195701	0.678161	0.318996	0.386995	0.801418	0.364865	0.459370	0.496183	0.166524	0.064976	
41	0.121602	0.082946	0.127660	0.359170	0.203855	0.701149	0.301075	0.423473	0.801418	0.259460	0.441128	0.480916	0.130658	0.050713	
42	0.103004	0.173643	0.156028	0.510917	0.550778	0.735632	0.306452	0.374306	0.787234	0.131081	0.452736	0.351145	0.160547	0.043582	
42	0.090129	0.161240	0.000000	0.450873	0.349148	0.344828	0.238351	0.361618	0.709220	0.122973	0.452736	0.190840	0.170794	0.056260	
42	0.091559	0.171318	0.141844	0.597162	0.480356	0.885057	0.349462	0.350516	0.808511	0.171622	0.437811	0.343512	0.193851	0.044374	
42	0.088698	0.165116	0.085106	0.477074	0.449963	0.712644	0.267025	0.359239	0.820331	0.158108	0.446103	0.328244	0.198975	0.033281	
42	0.087268	0.162791	0.021277	0.494542	0.304670	0.551724	0.385305	0.349722	0.877069	0.183784	0.441128	0.351145	0.137489	0.000000	
42	0.075823	0.156589	0.092199	0.426856	0.501112	0.517241	0.349462	0.344171	0.820331	0.160811	0.452736	0.267176	0.151153	0.014263	
42	0.081545	0.153488	0.092199	0.446507	0.518903	0.942529	0.333333	0.402062	0.825059	0.174324	0.474295	0.404580	0.128096	0.045959	
42	0.085837	0.148837	0.028369	0.531659	0.421053	0.655172	0.360215	0.335448	0.810875	0.168919	0.414594	0.358779	0.110162	0.029319	
42	0.074392	0.157364	0.092199	0.483625	0.596738	0.793104	0.387097	0.354481	0.832151	0.187838	0.426202	0.557252	0.096499	0.011886	
42	0.080114	0.161240	0.113475	0.551310	0.708673	1.000000	0.439068	0.361618	0.867612	0.229730	0.461028	0.557252	0.107600	0.000000	