1	0.248781	0.130580	0.577320	0.360526	1.000000	0.673797	0.334677	0.083418	0.367816	0.766304	0.887160	0.845161	0.717564	0.426621	
1	0.333659	0.157895	0.747423	0.418421	1.000000	0.566845	0.396505	0.112920	0.356322	0.800000	0.863813	0.903226	0.774051	0.448237	
1	0.306342	0.149234	0.644330	0.419298	1.000000	0.513369	0.370968	0.185148	0.360153	0.758696	0.875486	0.903226	0.788173	0.450512	
1	0.235122	0.128581	0.500000	0.406140	1.000000	0.636364	0.357527	0.173957	0.429119	0.717391	0.891051	0.912903	0.862312	0.448237	
1	0.318049	0.148568	0.432990	0.510526	1.000000	0.582888	0.401882	0.193286	0.473180	0.704348	0.898833	0.893548	0.870256	0.441411	
1	0.363902	0.160560	0.494845	0.523684	1.000000	0.566845	0.434140	0.173957	0.444444	0.706522	0.891051	0.877419	0.857017	0.428897	
1	0.356098	0.157895	0.396907	0.543860	1.000000	0.577540	0.438172	0.153611	0.388889	0.770652	0.898833	0.880645	0.903795	0.417520	
1	0.482927	0.204530	0.484536	0.575439	1.000000	0.566845	0.381720	0.161750	0.440613	0.707609	0.906615	0.890323	0.914387	0.435722	
1	0.396098	0.159893	0.458763	0.555263	1.000000	0.577540	0.403226	0.148525	0.496169	0.694565	0.898833	0.900000	0.930274	0.489192	
1	0.444878	0.184544	0.443299	0.466667	1.000000	0.550802	0.376344	0.084435	0.501916	0.606522	0.898833	0.883871	0.873786	0.508532	
2	0.174634	0.005330	0.000000	0.965790	0.932050	0.609626	0.936828	0.987793	0.674330	0.773913	0.961090	0.796774	0.917034	0.663254	
2	0.003902	0.007995	0.000000	0.964912	0.925255	0.524064	0.967742	0.964395	0.754789	0.776087	0.980545	0.806452	0.895852	0.696246	
2	0.007805	0.010660	0.000000	0.982456	0.949037	0.513369	0.973118	0.993896	0.772031	0.765217	0.980545	0.825806	0.894087	0.732651	
2	0.062439	0.030646	0.000000	0.984211	0.959230	0.534759	0.962366	0.998983	0.775862	0.764130	0.980545	0.822581	0.892321	0.730375	
2	0.061463	0.034644	0.000000	0.988597	0.960362	0.502674	0.956989	0.990844	0.795019	0.759783	0.984436	0.825806	0.886143	0.742890	
2	0.061463	0.028648	0.000000	0.987719	0.942242	0.475936	0.967742	0.950153	0.789272	0.764130	0.972763	0.832258	0.902913	0.747440	
2	0.072195	0.035310	0.000000	0.990351	0.954700	0.502674	0.971774	0.965412	0.795019	0.761957	0.976654	0.835484	0.899382	0.770193	
2	0.000000	0.009993	0.020619	1.000000	0.987543	0.486631	1.000000	1.000000	0.666667	0.771739	0.968872	0.793548	0.874669	0.666667	
2	0.000000	0.000000	0.036082	1.000000	1.000000	0.491979	1.000000	1.000000	0.739464	0.765217	0.996109	0.822581	0.878200	0.712173	
2	0.089756	0.040640	0.000000	0.997368	0.945640	0.475936	0.973118	1.000000	0.760536	0.769565	0.992218	0.816129	0.882613	0.700796	
3	0.087805	0.037308	0.515464	0.282456	0.503964	0.235294	0.017473	0.483215	0.925287	0.183696	0.688716	0.932258	0.064431	0.827076	
3	0.114146	0.025316	0.335052	0.279825	0.412231	0.251337	0.028226	0.459817	1.000000	0.159783	0.739300	0.909677	0.124448	0.868032	
3	0.182439	0.015323	0.371134	0.170175	0.517554	0.352941	0.010753	0.497457	1.000000	0.125000	0.673152	0.912903	0.132392	0.894198	
3	0.200976	0.020653	0.345361	0.187719	0.494904	0.310160	0.021505	0.491353	1.000000	0.144565	0.692607	0.906452	0.112974	0.874858	
3	0.169756	0.008661	0.371134	0.121053	0.525481	0.438503	0.018817	0.494405	1.000000	0.104348	0.665370	0.909677	0.135922	0.894198	
3	0.216585	0.017988	0.283505	0.179825	0.548131	0.315508	0.025538	0.522889	1.000000	0.119565	0.712062	0.893548	0.141218	0.896473	
3	0.215610	0.017988	0.288660	0.177193	0.539071	0.326203	0.008065	0.522889	1.000000	0.115217	0.708171	0.916129	0.126214	0.861206	
3	0.223415	0.023318	0.268041	0.221930	0.486976	0.272727	0.025538	0.451679	0.913793	0.145652	0.696498	0.890323	0.108561	0.812287	
3	0.215610	0.018654	0.257732	0.231579	0.469989	0.278075	0.025538	0.485249	1.000000	0.127174	0.708171	0.877419	0.110327	0.821388	
3	0.238049	0.039307	0.298969	0.300877	0.479049	0.245989	0.038978	0.475076	0.908046	0.158696	0.727626	0.877419	0.102383	0.815700	
4	0.291707	0.131912	0.123711	0.600877	0.163080	0.288770	0.244624	0.109868	0.614943	0.173913	0.198444	0.851613	0.024713	0.440273	
4	0.127805	0.039973	0.139175	0.607895	0.195923	0.336898	0.237903	0.138352	0.515326	0.197826	0.295720	0.838710	0.036187	0.327645	
4	0.169756	0.047968	0.067010	0.442105	0.238958	0.379679	0.153226	0.100712	0.601533	0.160870	0.377432	0.854839	0.043248	0.344710	
4	0.075122	0.002665	0.092784	0.460526	0.227633	0.347594	0.166667	0.121058	0.599617	0.166304	0.412451	0.858065	0.035305	0.318544	
4	0.128781	0.037975	0.000000	0.450000	0.231031	0.347594	0.189516	0.101729	0.620690	0.161957	0.287938	0.864516	0.032657	0.309443	
4	0.135610	0.022652	0.000000	0.559649	0.133635	0.278075	0.262097	0.107833	0.593870	0.184783	0.143969	0.829032	0.030009	0.333333	
4	0.128781	0.025316	0.180412	0.545614	0.192526	0.320856	0.243280	0.133266	0.622605	0.183696	0.373541	0.851613	0.015887	0.301479	
4	0.115122	0.026649	0.288660	0.538597	0.209513	0.385027	0.231183	0.049847	0.597701	0.181522	0.089494	0.848387	0.028244	0.273038	
4	0.123902	0.024650	0.247423	0.446491	0.232163	0.406417	0.188172	0.069176	0.636015	0.163044	0.214008	0.864516	0.040600	0.287827	
4	0.155122	0.030646	0.144330	0.435088	0.217441	0.374332	0.177419	0.105799	0.614943	0.165217	0.268483	0.861290	0.023831	0.266212	
5	0.294634	0.136576	0.494845	0.716667	0.869762	0.395722	0.607527	1.000000	0.609195	0.661957	0.949416	0.780645	0.931156	0.398180	
5	0.200976	0.107262	0.572165	0.815790	0.849377	0.326203	0.752688	1.000000	0.584291	0.706522	0.953307	0.806452	0.922330	0.424346	
5	0.205854	0.104597	0.541237	0.840351	0.793885	0.358289	0.750000	1.000000	0.590038	0.694565	0.953307	0.816129	0.927626	0.458476	
5	0.217561	0.104597	0.515464	0.868421	0.761042	0.331551	0.776882	1.000000	0.597701	0.715217	0.949416	0.816129	0.920565	0.499431	
5	0.241951	0.124584	0.639175	0.871053	0.859570	0.374332	0.817204	1.000000	0.521073	0.718478	0.953307	0.806452	0.929391	0.426621	
5	0.269268	0.128581	0.567010	0.858772	0.839185	0.406417	0.752688	1.000000	0.605364	0.700000	0.961090	0.825806	0.927626	0.482366	
5	0.280976	0.117921	0.577320	0.854386	0.764439	0.352941	0.801075	1.000000	0.591954	0.722826	0.961090	0.822581	0.919682	0.516496	
5	0.360976	0.153231	0.525773	0.895614	0.739524	0.347594	0.858871	1.000000	0.511494	0.756522	0.945525	0.809677	0.920565	0.472127	
5	0.297561	0.134577	0.567010	0.882456	0.744054	0.326203	0.869624	1.000000	0.505747	0.750000	0.949416	0.809677	0.917917	0.460751	
5	0.305366	0.137908	0.515464	0.858772	0.775765	0.401070	0.811828	1.000000	0.544061	0.727174	0.945525	0.822581	0.925861	0.451650	
6	0.134634	0.068621	0.824742	0.652632	0.498301	0.395722	0.181452	0.000000	0.911877	0.213044	0.186770	0.874194	0.065313	0.582480	
6	0.057561	0.047302	0.824742	0.737719	0.523216	0.465241	0.192204	0.054934	0.766284	0.270652	0.155642	0.883871	0.030009	0.436860	
6	0.059512	0.040640	0.891753	0.692982	0.715742	0.475936	0.194893	0.000000	0.747127	0.265217	0.120623	0.883871	0.030891	0.378840	
6	0.020488	0.015989	0.886598	0.680702	0.670442	0.534759	0.181452	0.062055	0.898467	0.244565	0.178988	0.893548	0.059135	0.373151	
6	0.042927	0.037975	0.747423	0.682456	0.594564	0.486631	0.172043	0.050865	0.781609	0.264130	0.214008	0.867742	0.044131	0.482366	
6	0.043902	0.030646	0.778351	0.678947	0.671574	0.454546	0.172043	0.042726	0.779694	0.255435	0.070039	0.874194	0.036187	0.389079	
6	0.045854	0.029314	0.778351	0.628070	0.742922	0.411765	0.172043	0.046796	0.775862	0.230435	0.147860	0.877419	0.047661	0.415245	
6	0.051707	0.031979	0.757732	0.641228	0.765572	0.358289	0.168011	0.039674	0.747127	0.235870	0.132296	0.890323	0.036187	0.398180	
6	0.040976	0.021985	0.788660	0.636842	0.746319	0.427808	0.169355	0.041709	0.800766	0.245652	0.163424	0.887097	0.034422	0.375427	
6	0.036098	0.022652	0.876289	0.611404	0.831257	0.449198	0.169355	0.008138	0.821839	0.243478	0.097276	0.883871	0.033539	0.414107	
7	0.933659	0.599600	0.381443	0.955263	1.000000	0.561497	0.842742	1.000000	0.641762	0.681522	0.961090	0.825806	0.924978	0.549488	
7	0.974634	0.469021	0.432990	0.913158	1.000000	0.721925	0.720430	1.000000	0.793104	0.684783	0.988327	0.832258	0.869373	0.688282	
7	0.988293	0.458361	0.407217	0.919298	1.000000	0.705882	0.762097	1.000000	0.760536	0.698913	0.992218	0.841936	0.875552	0.683732	
7	1.000000	0.378414	0.422680	0.823684	1.000000	0.695187	0.637097	1.000000	0.885057	0.675000	0.988327	0.851613	0.844660	0.769056	
7	1.000000	0.407728	0.386598	0.821053	1.000000	0.647059	0.576613	1.000000	0.840996	0.655435	0.996109	0.861290	0.827891	0.731513	
7	1.000000	0.349101	0.391753	0.723684	1.000000	0.652406	0.553763	1.000000	0.923372	0.667391	0.992218	0.909677	0.812004	0.794084	
7	1.000000	0.375750	0.417526	0.787719	1.000000	0.636364	0.611559	1.000000	0.881226	0.675000	1.000000	0.870968	0.880847	0.715586	
7	1.000000	0.373751	0.427835	0.881579	1.000000	0.641711	0.625000	1.000000	0.814176	0.682609	1.000000	0.858065	0.847308	0.698521	
7	1.000000	0.340440	0.438144	0.772807	1.000000	0.614973	0.522849	1.000000	0.923372	0.632609	0.984436	0.858065	0.763460	0.795222	
7	1.000000	0.357095	0.340206	0.792105	1.000000	0.614973	0.536290	1.000000	0.814176	0.651087	1.000000	0.851613	0.739629	0.774744	
8	0.133659	0.055963	0.536082	0.141228	0.265006	0.315508	0.030914	0.067141	1.000000	0.118478	0.140078	0.922581	0.053839	0.209329	
8	0.163902	0.033311	0.422680	0.135965	0.312571	0.358289	0.056452	0.074262	1.000000	0.197826	0.256809	0.887097	0.053839	0.232082	
8	0.272195	0.038641	0.376289	0.045614	0.377123	0.320856	0.041667	0.097660	1.000000	0.138044	0.182879	0.887097	0.053839	0.131968	
8	0.346342	0.051965	0.355670	0.146491	0.528879	0.272727	0.024194	0.093591	0.996169	0.157609	0.178988	0.919355	0.034422	0.228669	
8	0.403902	0.056629	0.355670	0.062281	0.533409	0.358289	0.020161	0.105799	1.000000	0.138044	0.186770	0.932258	0.037952	0.137656	
8	0.381463	0.047968	0.350516	0.033333	0.490374	0.374332	0.025538	0.129196	1.000000	0.120652	0.186770	0.941936	0.042365	0.225256	
8	0.448781	0.045969	0.350516	0.073684	0.543601	0.352941	0.009409	0.095626	1.000000	0.128261	0.136187	0.922581	0.043248	0.141069	
8	0.460488	0.038641	0.293814	0.110526	0.563986	0.347594	0.001344	0.068159	1.000000	0.115217	0.159533	0.961290	0.042365	0.215017	
8	0.457561	0.041972	0.288660	0.092105	0.544734	0.368984	0.004032	0.091556	1.000000	0.107609	0.140078	0.970968	0.046778	0.154721	
8	0.454634	0.040640	0.298969	0.091228	0.540204	0.385027	0.002688	0.079349	1.000000	0.121739	0.151751	0.954839	0.047661	0.186576	
9	0.709268	0.162558	0.582474	0.892105	0.804077	0.310160	0.918011	0.936928	0.580460	0.758696	0.474708	0.990323	0.825243	0.017065	
9	0.442927	0.072618	0.484536	0.841228	0.877690	0.278075	0.846774	1.000000	0.639847	0.743478	0.564202	1.000000	0.669903	0.000000	
9	0.571707	0.079947	0.541237	0.898246	0.839185	0.342246	0.883065	0.987793	0.563218	0.703261	0.634241	0.967742	0.654016	0.000000	
9	0.537561	0.077282	0.530928	0.820175	0.859570	0.385027	0.870968	1.000000	0.626437	0.723913	0.638132	1.000000	0.607237	0.001138	
9	0.520976	0.071952	0.551546	0.765789	0.839185	0.363636	0.846774	1.000000	0.614943	0.721739	0.634241	0.964516	0.602824	0.009101	
9	0.537561	0.074617	0.556701	0.760526	0.840317	0.374332	0.827957	1.000000	0.624521	0.719565	0.568093	1.000000	0.494263	0.009101	
9	0.539512	0.077282	0.556701	0.730702	0.827860	0.374332	0.836022	1.000000	0.624521	0.729348	0.607004	0.945161	0.611651	0.013652	
9	0.474146	0.067288	0.505155	0.743860	0.826727	0.363636	0.837366	1.000000	0.636015	0.744565	0.638132	0.954839	0.674316	0.000000	
9	0.438049	0.053964	0.463918	0.700877	0.816535	0.358289	0.755376	1.000000	0.626437	0.715217	0.564202	0.932258	0.577229	0.038680	
9	0.441951	0.063291	0.520619	0.703509	0.816535	0.406417	0.794355	1.000000	0.639847	0.727174	0.607004	0.987097	0.648720	0.064846	
10	0.291707	0.039307	0.494845	0.600000	0.106455	0.213904	0.157258	0.083418	0.865900	0.197826	0.163424	0.938710	0.025596	0.763368	
10	0.200000	0.004664	0.252577	0.569298	0.142695	0.128342	0.143817	0.102747	0.854406	0.206522	0.105058	0.922581	0.037070	0.679181	
10	0.266342	0.017322	0.283505	0.536842	0.092865	0.171123	0.163979	0.118006	0.862069	0.239130	0.031128	0.893548	0.030891	0.673493	
10	0.277073	0.025316	0.278351	0.478070	0.095130	0.224599	0.145161	0.127162	0.865900	0.218478	0.097276	0.896774	0.030009	0.673493	
10	0.250732	0.023318	0.262887	0.513158	0.105323	0.208556	0.161290	0.124110	0.806513	0.223913	0.112841	0.887097	0.036187	0.637088	
10	0.304390	0.027315	0.257732	0.444737	0.127973	0.219251	0.092742	0.114954	0.812261	0.172826	0.132296	0.909677	0.045013	0.608646	
10	0.326829	0.015989	0.298969	0.478070	0.106455	0.219251	0.106183	0.101729	0.862069	0.195652	0.031128	0.909677	0.037070	0.617747	
10	0.310244	0.035976	0.314433	0.471053	0.087203	0.256685	0.111559	0.101729	0.833333	0.204348	0.066148	0.900000	0.039718	0.639363	
10	0.317073	0.035976	0.283505	0.409649	0.074745	0.278075	0.061828	0.073245	0.854406	0.156522	0.038911	0.893548	0.050309	0.634812	
10	0.338537	0.031312	0.221650	0.414912	0.061155	0.262032	0.071237	0.065107	0.871648	0.175000	0.042802	0.890323	0.028244	0.643914	
11	0.086829	0.161892	0.623711	0.602632	0.087203	0.213904	0.657258	0.852492	0.716475	0.745652	0.719844	0.829032	0.940865	0.337884	
11	0.010732	0.140573	0.479381	0.609649	0.120045	0.251337	0.661290	0.919634	0.727969	0.748913	0.778210	0.825806	0.937335	0.340159	
11	0.055610	0.129247	0.500000	0.642105	0.078143	0.358289	0.678763	0.927772	0.710728	0.753261	0.801556	0.812903	0.938217	0.339022	
11	0.043902	0.123251	0.484536	0.631579	0.118913	0.326203	0.643817	0.900305	0.724138	0.742391	0.805448	0.816129	0.949691	0.361775	
11	0.051707	0.121919	0.500000	0.607895	0.109853	0.304813	0.618280	0.942014	0.724138	0.735870	0.821012	0.812903	0.943513	0.352674	
11	0.000000	0.117921	0.386598	0.632456	0.121178	0.262032	0.696237	0.975585	0.680077	0.754348	0.824903	0.796774	0.930274	0.368601	
11	0.039024	0.117255	0.463918	0.615790	0.123443	0.304813	0.659946	0.956256	0.643678	0.748913	0.821012	0.803226	0.933804	0.354949	
11	0.052683	0.116589	0.432990	0.627193	0.104190	0.320856	0.663979	0.947101	0.645594	0.745652	0.813230	0.806452	0.950574	0.353811	
11	0.029268	0.122585	0.448454	0.660526	0.149490	0.299465	0.729839	0.968464	0.657088	0.757609	0.828794	0.803226	0.915269	0.349261	
11	0.000000	0.129247	0.479381	0.657018	0.107588	0.251337	0.673387	0.892167	0.681992	0.761957	0.824903	0.806452	0.920565	0.352674	
12	0.581463	0.295137	0.139175	0.421930	0.000000	0.363636	0.184140	0.022380	0.379310	0.145652	0.000000	0.793548	0.052957	0.711035	
12	0.679024	0.344437	0.237113	0.434211	0.079275	0.491979	0.162634	0.049847	0.270115	0.138044	0.062257	0.819355	0.016770	0.607509	
12	0.709268	0.345103	0.206186	0.462281	0.113250	0.470588	0.157258	0.074262	0.279694	0.140217	0.120623	0.822581	0.022948	0.607509	
12	0.711220	0.353764	0.216495	0.427193	0.117780	0.486631	0.146505	0.078332	0.268199	0.144565	0.101167	0.806452	0.026478	0.565415	
12	0.701463	0.347768	0.237113	0.374561	0.127973	0.443850	0.139785	0.068159	0.316092	0.132609	0.132296	0.825806	0.015887	0.599545	
12	0.742439	0.365090	0.216495	0.333333	0.118913	0.443850	0.126344	0.056968	0.346743	0.127174	0.116732	0.829032	0.017652	0.600683	
12	0.733659	0.363091	0.231959	0.381579	0.107588	0.459893	0.134409	0.083418	0.272031	0.139130	0.070039	0.787097	0.059135	0.765643	
12	0.800000	0.395070	0.283505	0.448246	0.077010	0.406417	0.176075	0.045778	0.342912	0.138044	0.108949	0.835484	0.037952	0.534699	
12	0.661463	0.329114	0.216495	0.442105	0.093998	0.395722	0.147850	0.074262	0.392720	0.138044	0.167315	0.825806	0.024713	0.642776	
12	0.669268	0.323784	0.159794	0.321930	0.086070	0.438503	0.116936	0.034588	0.360153	0.113044	0.000000	0.825806	0.040600	0.713311	
13	0.807805	0.457029	0.329897	0.642983	0.091733	0.048128	0.178763	0.071211	0.310345	0.709783	0.883269	0.912903	0.810238	0.334471	
13	0.800976	0.401732	0.304124	0.614035	0.142695	0.069519	0.180108	0.095626	0.308429	0.671739	0.898833	0.935484	0.844660	0.331058	
13	0.852683	0.414390	0.340206	0.639474	0.097395	0.037433	0.169355	0.118006	0.206897	0.680435	0.863813	0.945161	0.872904	0.329920	
13	0.789268	0.383078	0.314433	0.620175	0.108720	0.122995	0.169355	0.091556	0.281609	0.653261	0.852140	0.974194	0.885260	0.346985	
13	0.881951	0.443704	0.226804	0.603509	0.121178	0.106952	0.155914	0.140387	0.319923	0.613044	0.964981	0.993548	0.864078	0.385666	
13	0.960000	0.537642	0.134021	0.559649	0.096263	0.144385	0.108871	0.053917	0.455939	0.463044	0.910506	0.941936	0.717564	0.461889	
13	0.877073	0.432378	0.226804	0.613158	0.117780	0.080214	0.133065	0.142421	0.379310	0.588044	0.898833	0.983871	0.853486	0.383390	
13	0.900488	0.455030	0.231959	0.619298	0.114383	0.101604	0.155914	0.083418	0.409962	0.607609	0.941634	0.983871	0.887908	0.395905	
13	1.000000	0.568954	0.087629	0.565790	0.151755	0.000000	0.173387	0.068159	0.524904	0.642391	0.894942	0.919355	0.789056	0.387941	
13	0.808781	0.413724	0.257732	0.614035	0.129105	0.000000	0.188172	0.064090	0.469349	0.650000	1.000000	0.932258	0.929391	0.353811	
14	0.142439	0.081279	0.592784	0.669298	0.397509	0.518717	0.344086	0.041709	0.927203	0.519565	0.000000	0.929032	0.021183	0.616610	
14	0.148293	0.075283	0.587629	0.680702	0.371461	0.256685	0.325269	0.037640	0.783525	0.466304	0.027237	0.867742	0.047661	0.488055	
14	0.151220	0.083278	0.551546	0.671930	0.402039	0.443850	0.323925	0.083418	0.796935	0.513044	0.000000	0.870968	0.133275	0.428897	
14	0.140488	0.074617	0.577320	0.660526	0.389581	0.422460	0.325269	0.074262	0.791188	0.492391	0.000000	0.867742	0.120035	0.387941	
14	0.140488	0.069953	0.567010	0.668421	0.369196	0.411765	0.325269	0.087487	0.796935	0.463044	0.000000	0.890323	0.062665	0.368601	
14	0.137561	0.067288	0.546392	0.661404	0.370328	0.395722	0.325269	0.082401	0.772031	0.464130	0.000000	0.880645	0.065313	0.394767	
14	0.139512	0.065956	0.541237	0.662281	0.385051	0.379679	0.325269	0.091556	0.785441	0.459783	0.000000	0.883871	0.053839	0.402730	
14	0.146342	0.067955	0.556701	0.660526	0.371461	0.315508	0.344086	0.090539	0.768199	0.456522	0.000000	0.890323	0.061783	0.359499	
14	0.148293	0.069287	0.515464	0.657018	0.412231	0.320856	0.309140	0.090539	0.768199	0.439130	0.000000	0.887097	0.051192	0.411832	
14	0.144390	0.059960	0.469072	0.648246	0.412231	0.342246	0.321237	0.084435	0.802682	0.453261	0.000000	0.880645	0.032657	0.451650	
15	0.173659	0.095936	0.164948	0.322807	0.554926	0.459893	0.000000	0.007121	0.902299	0.130435	0.000000	0.945161	0.025596	0.672355	
15	0.315122	0.067955	0.000000	0.266667	0.631937	0.433155	0.000000	0.166836	0.877395	0.097826	0.070039	0.916129	0.043248	0.687145	
15	0.215610	0.107928	0.072165	0.257018	0.622877	0.443850	0.000000	0.104781	0.940613	0.104348	0.089494	0.954839	0.036187	0.610922	
15	0.290732	0.095936	0.010309	0.240351	0.734994	0.438503	0.000000	0.065107	0.971264	0.100000	0.015564	0.980645	0.016770	0.569966	
15	0.367805	0.104597	0.067010	0.273684	0.750849	0.449198	0.001344	0.274669	0.955939	0.070652	0.046693	0.938710	0.045896	0.653015	
15	0.544390	0.225849	0.113402	0.222807	0.780295	0.470588	0.000000	0.156663	1.000000	0.095652	0.217899	0.996774	0.032657	0.606371	
15	0.493659	0.131912	0.000000	0.245614	0.909400	0.475936	0.000000	0.076297	0.888889	0.091304	0.097276	0.964516	0.021183	0.571104	
15	0.502439	0.131912	0.000000	0.218421	0.933182	0.481283	0.000000	0.094608	0.919540	0.089130	0.000000	0.980645	0.020300	0.483504	
15	0.555122	0.163891	0.051546	0.163158	0.762174	0.459893	0.009409	0.132248	0.831418	0.109783	0.003891	0.932258	0.017652	0.641638	
15	0.501463	0.111925	0.051546	0.207895	0.756512	0.481283	0.000000	0.227874	0.888889	0.088043	0.108949	0.958065	0.052074	0.577929	
16	0.852683	0.860760	0.479381	0.942982	0.747452	0.433155	0.704301	0.928789	0.528736	0.617391	0.731518	0.761290	0.853486	0.335609	
16	0.884878	0.904064	0.494845	1.000000	0.740657	0.331551	0.868280	0.903357	0.511494	0.676087	0.642023	0.722581	0.911739	0.262799	
16	0.896585	0.905396	0.438144	1.000000	0.729332	0.283423	0.854839	0.893184	0.517241	0.654348	0.649805	0.729032	0.872021	0.255973	
16	0.903415	0.895403	0.360825	0.987719	0.702152	0.417112	0.788979	0.936928	0.507663	0.647826	0.645914	0.741936	0.857017	0.267349	
16	0.919024	0.914724	0.365979	0.978070	0.705549	0.401070	0.764785	0.936928	0.530651	0.632609	0.673152	0.758065	0.829656	0.275313	
16	0.914146	0.906729	0.365979	0.982456	0.728199	0.336898	0.837366	0.892167	0.519157	0.646739	0.642023	0.735484	0.845543	0.243459	
16	0.876098	0.882745	0.340206	0.983333	0.716874	0.278075	0.889785	0.889115	0.515326	0.675000	0.599222	0.725807	0.900265	0.248009	
16	0.887805	0.932712	0.474227	1.000000	0.725934	0.229947	0.861559	0.896236	0.469349	0.682609	0.677043	0.687097	0.884378	0.244596	
16	0.874146	0.905396	0.355670	0.977193	0.737259	0.240642	0.884409	0.892167	0.515326	0.668478	0.622568	0.729032	0.851721	0.242321	
16	0.899512	0.909394	0.360825	0.984211	0.724802	0.299465	0.854839	0.902340	0.536399	0.676087	0.622568	0.722581	0.850839	0.245734	
17	0.000000	0.065956	0.000000	0.835965	0.006795	0.320856	0.829301	0.902340	0.544061	0.791304	0.902724	0.803226	0.947926	0.635950	
17	0.000000	0.069953	0.000000	0.896491	0.077010	0.272727	0.956989	0.990844	0.477012	0.775000	0.902724	0.777419	0.924978	0.599545	
17	0.000000	0.000000	0.149485	0.842105	0.101925	0.262032	0.987903	0.965412	0.509579	0.764130	0.906615	0.787097	0.919682	0.526735	
17	0.000000	0.004664	0.072165	0.864035	0.084938	0.235294	0.916667	0.887080	0.519157	0.745652	0.906615	0.796774	0.917917	0.592719	
17	0.000000	0.005996	0.000000	0.890351	0.060023	0.219251	0.912634	0.949135	0.553640	0.747826	0.883269	0.790323	0.919682	0.629124	
17	0.000000	0.000000	0.000000	0.882456	0.077010	0.235294	0.904570	0.902340	0.519157	0.738044	0.894942	0.787097	0.920565	0.606371	
17	0.012683	0.043304	0.000000	0.885088	0.040770	0.256685	0.904570	0.962360	0.494253	0.754348	0.879377	0.787097	0.917917	0.617747	
17	0.000000	0.017988	0.000000	0.879825	0.062288	0.208556	0.911290	0.960326	0.534483	0.735870	0.887160	0.787097	0.918800	0.623436	
17	0.000000	0.025316	0.000000	0.885965	0.079275	0.213904	0.927419	0.978637	0.538314	0.729348	0.894942	0.793548	0.919682	0.622298	
17	0.036098	0.027981	0.000000	0.884211	0.061155	0.155080	0.875000	0.971516	0.480843	0.736957	0.883269	0.787097	0.923213	0.599545	
18	0.997073	0.594937	0.288660	0.550000	0.020385	0.000000	0.079301	0.148525	0.224138	0.433696	0.941634	0.874194	0.721977	0.591581	
18	1.000000	0.574284	0.262887	0.564912	0.091733	0.000000	0.125000	0.148525	0.289272	0.376087	0.957198	0.870968	0.739629	0.630262	
18	1.000000	0.502332	0.360825	0.558772	0.075878	0.000000	0.111559	0.216684	0.130268	0.495652	0.937743	0.854839	0.842012	0.549488	
18	1.000000	0.473684	0.345361	0.600000	0.070215	0.064171	0.145161	0.171923	0.126437	0.542391	0.937743	0.861290	0.913504	0.499431	
18	1.000000	0.480346	0.298969	0.550877	0.112118	0.005348	0.114247	0.163784	0.199234	0.485870	0.945525	0.851613	0.804943	0.531286	
18	1.000000	0.455030	0.257732	0.553509	0.081540	0.000000	0.115591	0.144456	0.183908	0.441304	0.953307	0.848387	0.744042	0.538112	
18	1.000000	0.457695	0.335052	0.577193	0.093998	0.032086	0.133065	0.182096	0.201149	0.490217	0.953307	0.845161	0.804943	0.515358	
18	1.000000	0.438374	0.304124	0.578070	0.082673	0.058824	0.131720	0.195320	0.178161	0.503261	0.953307	0.841936	0.832304	0.500569	
18	1.000000	0.459027	0.293814	0.566667	0.089468	0.053476	0.123656	0.191251	0.153257	0.493478	0.941634	0.835484	0.787290	0.502844	
18	1.000000	0.470353	0.283505	0.591228	0.097395	0.000000	0.142473	0.126145	0.323755	0.496739	0.945525	0.851613	0.829656	0.494881	
19	0.064390	0.027315	0.237113	0.654386	0.000000	0.497326	0.264785	0.000000	0.515326	0.616304	0.879377	0.829032	0.917034	0.417520	
19	0.061463	0.029980	0.422680	0.650000	0.000000	0.534759	0.266129	0.042726	0.417625	0.621739	0.887160	0.816129	0.911739	0.407281	
19	0.026341	0.004664	0.139175	0.650000	0.014723	0.497326	0.294355	0.055951	0.461686	0.643478	0.902724	0.825806	0.925861	0.412969	
19	0.079024	0.036642	0.314433	0.636842	0.022650	0.524064	0.243280	0.054934	0.335249	0.584783	0.894942	0.819355	0.865843	0.398180	
19	0.082927	0.028648	0.371134	0.622807	0.024915	0.491979	0.271505	0.032553	0.484674	0.598913	0.894942	0.822581	0.872904	0.412969	
19	0.068293	0.021985	0.211340	0.636842	0.011325	0.502674	0.299731	0.048830	0.480843	0.627174	0.883269	0.822581	0.904678	0.394767	
19	0.054634	0.015989	0.170103	0.643860	0.030578	0.508021	0.256720	0.046796	0.392720	0.586957	0.898833	0.819355	0.868491	0.403868	
19	0.053659	0.019320	0.324742	0.605263	0.030578	0.518717	0.229839	0.054934	0.298851	0.564130	0.902724	0.822581	0.864078	0.405006	
19	0.064390	0.018654	0.278351	0.621053	0.012458	0.497326	0.262097	0.043744	0.392720	0.614130	0.883269	0.819355	0.913504	0.405006	
19	0.067317	0.020653	0.309278	0.642983	0.026048	0.459893	0.247312	0.041709	0.419540	0.582609	0.898833	0.829032	0.868491	0.418658	
20	0.000000	0.000000	0.458763	0.427193	0.086070	0.737968	0.221774	0.161750	0.260536	0.205435	0.933852	0.812903	0.281553	0.610922	
20	1.000000	0.375750	0.103093	0.460526	0.113250	0.834225	0.165323	0.146490	0.143678	0.266304	0.949416	0.829032	0.453663	0.609784	
20	1.000000	0.341106	0.061856	0.453509	0.096263	0.877005	0.146505	0.141404	0.214559	0.236957	0.957198	0.829032	0.470433	0.642776	
20	0.999024	0.295137	0.216495	0.375439	0.088335	0.887701	0.173387	0.136317	0.356322	0.157609	0.933852	0.809677	0.194175	0.667804	
20	0.915122	0.235843	0.319588	0.389474	0.093998	0.818182	0.178763	0.137335	0.277778	0.186957	0.949416	0.819355	0.273610	0.642776	
20	0.976585	0.365756	0.097938	0.401754	0.078143	0.951872	0.142473	0.136317	0.250958	0.190217	0.957198	0.838710	0.280671	0.635950	
20	0.976585	0.321786	0.190722	0.393860	0.144960	0.705882	0.185484	0.150560	0.327586	0.153261	0.945525	0.825806	0.182701	0.664391	
20	0.879024	0.314457	0.237113	0.474561	0.109853	0.737968	0.146505	0.152594	0.245211	0.209783	0.949416	0.832258	0.288614	0.598407	
20	0.976585	0.311126	0.123711	0.463158	0.108720	0.914439	0.125000	0.164802	0.214559	0.232609	0.957198	0.845161	0.406884	0.613197	
20	0.984390	0.310460	0.154639	0.431579	0.135900	0.930481	0.166667	0.192269	0.275862	0.185870	0.949416	0.819355	0.263901	0.650740	
21	0.413659	0.143238	0.603093	0.192105	0.525481	0.299465	0.252688	0.535097	0.614943	0.569565	0.887160	0.854839	0.726390	0.433447	
21	0.527805	0.107262	0.551546	0.143860	0.500566	0.390374	0.274194	0.570702	0.521073	0.555435	0.906615	0.848387	0.755516	0.449374	
21	0.499512	0.075949	0.520619	0.129825	0.502831	0.331551	0.286290	0.604273	0.457854	0.559783	0.906615	0.845161	0.791704	0.448237	
21	0.356098	0.068621	0.505155	0.182456	0.571914	0.310160	0.260753	0.554425	0.655172	0.539130	0.883269	0.845161	0.676964	0.465302	
21	0.427317	0.068621	0.479381	0.201754	0.546999	0.267380	0.254032	0.632757	0.624521	0.539130	0.887160	0.832258	0.685790	0.469852	
21	0.232195	0.059960	0.427835	0.237719	0.542469	0.267380	0.221774	0.627670	0.593870	0.542391	0.891051	0.835484	0.691086	0.457338	
21	0.230244	0.059294	0.443299	0.221053	0.559456	0.331551	0.250000	0.627670	0.597701	0.569565	0.894942	0.845161	0.767873	0.450512	
21	0.258537	0.056629	0.453608	0.206140	0.518686	0.283423	0.232527	0.618515	0.634100	0.525000	0.883269	0.841936	0.601942	0.474403	
21	0.293659	0.061959	0.474227	0.201754	0.525481	0.213904	0.219086	0.630722	0.630268	0.520652	0.887160	0.851613	0.599294	0.485779	
21	0.267317	0.060626	0.474227	0.185088	0.539071	0.347594	0.235215	0.589013	0.678161	0.528261	0.863813	0.845161	0.620477	0.478953	
22	0.190244	0.080613	0.623711	0.615790	0.151755	0.433155	0.362903	0.357070	0.662835	0.551087	0.373541	0.767742	0.388350	0.559727	
22	0.112195	0.064624	0.556701	0.601754	0.200453	0.417112	0.326613	0.376399	0.701149	0.521739	0.443580	0.822581	0.178288	0.556314	
22	0.122927	0.061959	0.515464	0.599123	0.214043	0.454546	0.311828	0.413021	0.737548	0.520652	0.435798	0.832258	0.180936	0.581343	
22	0.046829	0.046636	0.443299	0.605263	0.223103	0.288770	0.276882	0.478128	0.727969	0.407609	0.513619	0.835484	0.069726	0.562002	
22	0.098537	0.057961	0.407217	0.607895	0.262741	0.374332	0.259409	0.445575	0.762452	0.425000	0.560311	0.835484	0.084731	0.574517	
22	0.092683	0.053298	0.396907	0.629825	0.277463	0.358289	0.240591	0.482197	0.785441	0.427174	0.568093	0.848387	0.066196	0.573379	
22	0.088780	0.053298	0.381443	0.632456	0.276331	0.347594	0.240591	0.460834	0.777778	0.433696	0.575876	0.851613	0.093557	0.583618	
22	0.160976	0.067955	0.448454	0.626316	0.172140	0.433155	0.283602	0.390641	0.743295	0.489130	0.428016	0.825806	0.139453	0.514221	
22	0.063415	0.055963	0.391753	0.620175	0.265006	0.395722	0.258065	0.400814	0.760536	0.451087	0.552529	0.835484	0.072374	0.559727	
22	0.081951	0.051965	0.324742	0.620175	0.236693	0.363636	0.252688	0.417091	0.741379	0.444565	0.540856	0.838710	0.091792	0.526735	
23	0.180488	0.022652	0.000000	0.554386	0.072480	0.133690	0.286290	0.060020	0.716475	0.205435	0.155642	0.838710	0.043248	0.358362	
23	0.163902	0.015323	0.000000	0.645614	0.053228	0.133690	0.290323	0.108851	0.668582	0.227174	0.311284	0.835484	0.032657	0.366325	
23	0.138537	0.006662	0.000000	0.512281	0.088335	0.160428	0.262097	0.043744	0.668582	0.189130	0.190662	0.838710	0.028244	0.407281	
23	0.019512	0.000000	0.185567	0.582456	0.083805	0.171123	0.260753	0.059003	0.687740	0.207609	0.229572	0.845161	0.022948	0.324232	
23	0.204878	0.048634	0.000000	0.317544	0.088335	0.160428	0.102151	0.050865	0.823755	0.153261	0.085603	0.906452	0.037070	0.346985	
23	0.132683	0.000000	0.000000	0.358772	0.062288	0.203209	0.176075	0.029502	0.775862	0.151087	0.011673	0.883871	0.018535	0.302617	
23	0.095610	0.000000	0.025773	0.521930	0.049830	0.176471	0.229839	0.066124	0.787356	0.182609	0.031128	0.877419	0.010591	0.303754	
23	0.171707	0.005996	0.000000	0.600000	0.058890	0.117647	0.270161	0.084435	0.739464	0.209783	0.066148	0.861290	0.014122	0.262799	
23	0.185366	0.021985	0.000000	0.457895	0.092865	0.192513	0.215054	0.039674	0.726054	0.175000	0.167315	0.864516	0.012357	0.286689	
23	0.196098	0.026649	0.000000	0.405263	0.108720	0.310160	0.209677	0.018311	0.720307	0.179348	0.151751	0.867742	0.007944	0.255973	
24	0.000000	0.000000	0.051546	0.978947	0.796150	0.347594	1.000000	1.000000	0.643678	0.747826	0.614786	0.848387	0.824360	0.089875	
24	0.000000	0.000000	0.067010	0.982456	0.778029	0.331551	1.000000	0.967447	0.636015	0.722826	0.548638	0.838710	0.819064	0.052332	
24	0.000000	0.000000	0.262887	0.969298	0.807475	0.331551	1.000000	0.949135	0.649425	0.722826	0.517510	0.854839	0.812886	0.001138	
24	0.000000	0.000000	0.293814	0.982456	0.826727	0.320856	1.000000	0.952187	0.605364	0.716304	0.548638	0.841936	0.808473	0.040956	
24	0.000000	0.000000	0.195876	0.992982	0.843715	0.299465	1.000000	0.932859	0.590038	0.711957	0.568093	0.851613	0.805825	0.039818	
24	0.000000	0.000000	0.051546	1.000000	0.790487	0.294118	1.000000	0.958291	0.570881	0.719565	0.583658	0.809677	0.818182	0.085324	
24	0.000000	0.000000	0.180412	0.963158	0.853907	0.315508	1.000000	0.990844	0.616858	0.729348	0.626459	0.835484	0.822595	0.017065	
24	0.000000	0.000000	0.113402	0.972807	0.819932	0.326203	1.000000	1.000000	0.590038	0.729348	0.657588	0.803226	0.809356	0.044369	
24	0.000000	0.000000	0.036082	0.960526	0.748584	0.294118	1.000000	1.000000	0.603448	0.735870	0.715953	0.806452	0.822595	0.030717	
24	0.000000	0.000000	0.195876	0.950877	0.816535	0.310160	1.000000	1.000000	0.578544	0.739130	0.579767	0.829032	0.823478	0.000000	
25	0.529756	0.076616	0.608247	0.714912	0.791620	0.529412	0.212366	1.000000	0.272031	0.503261	0.871595	0.796774	0.925861	0.437998	
25	0.244878	0.016656	0.618557	0.684211	0.789355	0.529412	0.228495	1.000000	0.235632	0.546739	0.879377	0.796774	0.909974	0.364050	
25	0.709268	0.143904	0.489691	0.746491	0.676104	0.406417	0.235215	0.989827	0.385058	0.427174	0.883269	0.787097	0.877317	0.481229	
25	0.562927	0.111925	0.572165	0.727193	0.729332	0.438503	0.215054	0.996948	0.302682	0.464130	0.894942	0.806452	0.921448	0.458476	
25	0.616585	0.115257	0.541237	0.733333	0.723669	0.433155	0.225806	0.974568	0.421456	0.432609	0.902724	0.809677	0.926743	0.525597	
25	0.768781	0.147901	0.458763	0.754386	0.791620	0.363636	0.229839	0.978637	0.400383	0.451087	0.906615	0.809677	0.931156	0.507395	
25	0.663415	0.132578	0.551546	0.798246	0.773499	0.427808	0.241936	0.982706	0.501916	0.446739	0.894942	0.809677	0.923213	0.493743	
25	0.762927	0.160560	0.577320	0.827193	0.782560	0.385027	0.252688	0.993896	0.488506	0.451087	0.891051	0.806452	0.927626	0.501707	
25	0.933659	0.201865	0.283505	0.812281	0.773499	0.299465	0.268817	0.980671	0.536399	0.452174	0.898833	0.816129	0.926743	0.538112	
25	0.844878	0.212525	0.391753	0.820175	0.753114	0.320856	0.275538	0.990844	0.588123	0.461957	0.894942	0.822581	0.923213	0.560865	
26	0.406829	0.009327	0.458763	0.668421	0.124575	0.235294	0.233871	0.029502	0.942529	0.482609	0.000000	0.683871	0.138570	0.000000	
26	0.330732	0.026649	0.412371	0.669298	0.105323	0.342246	0.266129	0.079349	0.959770	0.455435	0.105058	0.809677	0.060900	0.081911	
26	0.385366	0.017322	0.360825	0.681579	0.124575	0.149733	0.240591	0.051882	0.984674	0.381522	0.101167	0.751613	0.112092	0.000000	
26	0.308293	0.001332	0.340206	0.681579	0.109853	0.187166	0.233871	0.062055	0.919540	0.445652	0.077821	0.622581	0.124448	0.000000	
26	0.271220	0.003997	0.365979	0.671930	0.132503	0.363636	0.259409	0.046796	1.000000	0.517391	0.081712	0.680645	0.135922	0.000000	
26	0.241951	0.000000	0.268041	0.664912	0.192526	0.213904	0.211022	0.024415	1.000000	0.409783	0.073930	0.609677	0.150044	0.000000	
26	0.187317	0.002665	0.314433	0.665790	0.101925	0.203209	0.263441	0.041709	1.000000	0.438044	0.163424	0.693548	0.131509	0.101251	
26	0.208781	0.000000	0.293814	0.671053	0.121178	0.262032	0.231183	0.027467	1.000000	0.488044	0.147860	0.764516	0.112974	0.000000	
26	0.228293	0.000000	0.237113	0.673684	0.193658	0.304813	0.220430	0.048830	1.000000	0.485870	0.155642	0.719355	0.128861	0.000000	
26	0.161951	0.000000	0.273196	0.675439	0.125708	0.433155	0.235215	0.026450	1.000000	0.579348	0.093385	0.654839	0.114740	0.000000	
27	0.640976	0.107262	0.000000	0.930702	0.925255	0.299465	0.903226	1.000000	0.816092	0.709783	0.961090	0.800000	0.817299	0.774744	
27	0.672195	0.062625	0.000000	0.893860	0.980748	0.443850	0.588710	1.000000	0.892720	0.595652	0.941634	0.800000	0.731686	0.850967	
27	0.633171	0.033977	0.000000	0.899123	0.978482	0.438503	0.630376	1.000000	0.862069	0.651087	0.945525	0.803226	0.820830	0.804323	
27	0.547317	0.022652	0.000000	0.969298	0.952435	0.358289	0.952957	1.000000	0.749042	0.730435	0.968872	0.793548	0.824360	0.680319	
27	0.479024	0.000000	0.000000	0.939474	0.864100	0.379679	0.837366	1.000000	0.921456	0.709783	0.957198	0.816129	0.804060	0.822526	
27	0.554146	0.025316	0.000000	0.934211	0.903737	0.417112	0.811828	1.000000	0.938697	0.700000	0.949416	0.819355	0.785525	0.866894	
27	0.471220	0.000000	0.000000	0.941228	0.907135	0.385027	0.809140	1.000000	0.911877	0.696739	0.949416	0.816129	0.796117	0.843003	
27	0.538537	0.007328	0.000000	0.945614	0.913930	0.358289	0.866936	1.000000	0.902299	0.715217	0.964981	0.816129	0.812886	0.833902	
27	0.633171	0.095270	0.000000	0.941228	0.917327	0.374332	0.864247	1.000000	0.904215	0.719565	0.961090	0.822581	0.827008	0.810011	
27	0.513171	0.000000	0.000000	0.966667	0.915062	0.358289	0.959677	1.000000	0.842912	0.728261	0.957198	0.812903	0.833186	0.808874	
28	0.376585	0.040640	0.469072	0.430702	0.044168	0.294118	0.143817	0.509664	0.791188	0.505435	0.618677	0.883871	0.320388	0.496018	
28	0.200976	0.002665	0.427835	0.378070	0.069083	0.342246	0.168011	0.500509	0.860153	0.536957	0.692607	0.864516	0.199470	0.547213	
28	0.242927	0.006662	0.402062	0.335965	0.053228	0.326203	0.169355	0.480163	0.840996	0.483696	0.680934	0.845161	0.135922	0.551763	
28	0.212683	0.001332	0.360825	0.375439	0.086070	0.304813	0.181452	0.479146	0.842912	0.492391	0.704280	0.851613	0.132392	0.564278	
28	0.219512	0.008661	0.345361	0.308772	0.097395	0.401070	0.165323	0.474059	0.998084	0.511957	0.712062	0.851613	0.045013	0.643914	
28	0.269268	0.015323	0.345361	0.333333	0.080408	0.336898	0.181452	0.442523	0.886973	0.522826	0.708171	0.864516	0.142983	0.549488	
28	0.344390	0.007995	0.350516	0.415790	0.082673	0.352941	0.173387	0.498474	0.848659	0.555435	0.692607	0.858065	0.192410	0.529010	
28	0.256585	0.011326	0.340206	0.328070	0.081540	0.358289	0.180108	0.455748	0.948276	0.543478	0.747082	0.867742	0.131509	0.607509	
28	0.352195	0.003331	0.340206	0.283333	0.105323	0.347594	0.166667	0.457782	0.904215	0.533696	0.809339	0.870968	0.156222	0.592719	
28	0.331707	0.007328	0.340206	0.357895	0.069083	0.363636	0.176075	0.520855	0.835249	0.563044	0.758755	0.870968	0.245366	0.521047	
29	0.540488	0.307129	0.561856	0.442105	0.040770	0.208556	0.111559	0.086470	0.934866	0.193478	0.284047	0.903226	0.000000	0.442548	
29	0.470244	0.164557	1.000000	0.517544	0.090600	0.240642	0.205645	0.055951	0.733717	0.195652	0.190662	0.883871	0.025596	0.339022	
29	0.586341	0.238508	1.000000	0.478070	0.077010	0.235294	0.204301	0.051882	0.750958	0.178261	0.042802	0.880645	0.031774	0.325370	
29	0.485854	0.167222	1.000000	0.457895	0.125708	0.229947	0.157258	0.093591	0.710728	0.180435	0.101167	0.880645	0.037070	0.316269	
29	0.505366	0.246502	1.000000	0.492982	0.100793	0.187166	0.206989	0.087487	0.704981	0.176087	0.081712	0.874194	0.034422	0.310580	
29	0.615610	0.339107	1.000000	0.497368	0.113250	0.304813	0.225806	0.036623	0.699234	0.192391	0.070039	0.877419	0.020300	0.262799	
29	0.623415	0.369754	1.000000	0.521930	0.114383	0.310160	0.256720	0.037640	0.672414	0.190217	0.081712	0.883871	0.018535	0.259386	
29	0.662439	0.361759	0.989691	0.575439	0.112118	0.315508	0.271505	0.059003	0.678161	0.205435	0.147860	0.870968	0.008826	0.281001	
29	0.656585	0.449034	0.819588	0.517544	0.124575	0.336898	0.240591	0.056968	0.708812	0.203261	0.101167	0.861290	0.006178	0.245734	
29	0.223415	0.097268	0.963918	0.519298	0.061155	0.336898	0.193548	0.042726	0.783525	0.182609	0.000000	0.887097	0.000000	0.277588	
30	0.112195	0.008661	0.061856	0.515789	0.604757	0.224599	0.086022	0.401831	0.680077	0.092391	0.696498	0.825806	0.120918	0.723550	
30	0.024390	0.000000	0.278351	0.391228	0.704417	0.085562	0.079301	0.430315	0.896552	0.102174	0.645914	0.816129	0.140335	0.789534	
30	0.006829	0.000000	0.061856	0.540351	0.542469	0.203209	0.120968	0.536114	0.764368	0.161957	0.661479	0.816129	0.107679	0.795222	
30	0.000000	0.000000	0.020619	0.515789	0.568516	0.235294	0.120968	0.537131	0.756705	0.127174	0.680934	0.812903	0.111209	0.805461	
30	0.000000	0.000000	0.030928	0.512281	0.566251	0.240642	0.099462	0.599186	0.752874	0.108696	0.673152	0.812903	0.125331	0.817975	
30	0.016585	0.000000	0.381443	0.357018	0.858437	0.000000	0.098118	0.634791	0.666667	0.102174	0.708171	0.832258	0.093557	0.767918	
30	0.018537	0.000000	0.567010	0.325439	0.883352	0.048128	0.142473	0.576806	0.833333	0.128261	0.673152	0.800000	0.143866	0.771331	
30	0.073171	0.000000	0.113402	0.575439	0.475651	0.229947	0.108871	0.607325	0.747127	0.154348	0.715953	0.803226	0.127096	0.853242	
30	0.000000	0.000000	0.000000	0.454386	0.638732	0.213904	0.108871	0.617497	0.860153	0.107609	0.692607	0.800000	0.165049	0.915813	
30	0.000000	0.000000	0.051546	0.434211	0.712344	0.245989	0.126344	0.636826	0.865900	0.104348	0.700389	0.790323	0.164166	0.869170	
31	0.105366	0.001999	0.396907	0.392983	0.000000	0.315508	0.162634	0.688708	0.764368	0.514130	0.867704	0.948387	0.636364	0.461889	
31	0.128781	0.005996	0.494845	0.317544	0.087203	0.336898	0.184140	0.673449	0.731801	0.625000	0.887160	0.893548	0.709621	0.436860	
31	0.190244	0.000000	0.463918	0.224561	0.072480	0.395722	0.173387	0.654120	0.833333	0.631522	0.871595	0.935484	0.489850	0.456200	
31	0.107317	0.000000	0.453608	0.257018	0.104190	0.294118	0.194893	0.628688	0.760536	0.634783	0.879377	0.919355	0.661077	0.453925	
31	0.113171	0.001999	0.407217	0.235965	0.107588	0.320856	0.163979	0.593082	0.911877	0.629348	0.789883	0.929032	0.245366	0.555176	
31	0.094634	0.000000	0.396907	0.164035	0.108720	0.336898	0.135753	0.586979	0.925287	0.625000	0.793774	0.922581	0.191527	0.554039	
31	0.101463	0.000000	0.427835	0.157895	0.082673	0.304813	0.150538	0.577823	0.982759	0.645652	0.731518	0.941936	0.181818	0.543800	
31	0.137561	0.000000	0.412371	0.178947	0.103058	0.272727	0.138441	0.622584	0.873563	0.618478	0.863813	0.916129	0.329215	0.568828	
31	0.089756	0.000000	0.432990	0.225439	0.082673	0.315508	0.163979	0.610376	0.959770	0.640217	0.856031	0.925807	0.301854	0.590444	
31	0.129756	0.000000	0.469072	0.184211	0.066818	0.251337	0.162634	0.622584	0.950192	0.638044	0.875486	0.935484	0.333628	0.610922	
32	0.157073	0.009993	0.582474	0.899123	0.000000	0.342246	0.973118	1.000000	0.649425	0.795652	0.848249	0.783871	0.869373	0.389079	
32	0.023415	0.000000	0.391753	0.650000	0.006795	0.497326	0.614247	1.000000	0.879310	0.753261	0.929961	0.816129	0.879965	0.562002	
32	0.181463	0.001999	0.489691	0.634211	0.000000	0.625669	0.592742	0.783316	0.808429	0.772826	0.941634	0.838710	0.888791	0.530148	
32	0.144390	0.004664	0.479381	0.695614	0.000000	0.518717	0.740591	1.000000	0.823755	0.791304	0.922179	0.848387	0.851721	0.563140	
32	0.126829	0.007328	0.458763	0.699123	0.000000	0.588235	0.719086	1.000000	0.875479	0.789130	0.933852	0.845161	0.855252	0.573379	
32	0.079024	0.007328	0.438144	0.694737	0.028313	0.598931	0.697581	0.986775	0.839081	0.786957	0.922179	0.848387	0.863195	0.554039	
32	0.089756	0.003331	0.345361	0.614035	0.061155	0.598931	0.533602	0.978637	0.877395	0.733696	0.918288	0.848387	0.874669	0.550626	
32	0.092683	0.011326	0.443299	0.739474	0.000000	0.540107	0.725807	1.000000	0.756705	0.785870	0.902724	0.848387	0.887908	0.491468	
32	0.102439	0.003997	0.355670	0.629825	0.023783	0.566845	0.551075	0.994914	0.877395	0.731522	0.929961	0.841936	0.870256	0.577929	
32	0.056585	0.004664	0.417526	0.700000	0.048698	0.518717	0.711022	0.988810	0.779694	0.782609	0.910506	0.838710	0.873786	0.509670	
33	0.301463	0.049967	0.494845	0.782456	0.067950	0.422460	0.686828	0.295015	0.591954	0.663044	0.143969	0.777419	0.698147	0.428897	
33	0.146342	0.025316	0.463918	0.726316	0.003398	0.572193	0.645161	0.260427	0.754789	0.693478	0.124514	0.829032	0.638129	0.412969	
33	0.131707	0.031979	0.458763	0.719298	0.035108	0.540107	0.645161	0.236012	0.706897	0.693478	0.035019	0.806452	0.699029	0.337884	
33	0.160000	0.027981	0.453608	0.712281	0.036240	0.566845	0.635753	0.195320	0.716475	0.717391	0.000000	0.812903	0.734334	0.349261	
33	0.135610	0.023318	0.515464	0.723684	0.033975	0.582888	0.635753	0.187182	0.789272	0.725000	0.000000	0.829032	0.724625	0.375427	
33	0.247805	0.029980	0.572165	0.708772	0.065685	0.508021	0.661290	0.238047	0.636015	0.683696	0.000000	0.774194	0.717564	0.294653	
33	0.134634	0.021319	0.469072	0.669298	0.074745	0.577540	0.573925	0.228891	0.704981	0.663044	0.019455	0.812903	0.626655	0.353811	
33	0.219512	0.023984	0.427835	0.625439	0.069083	0.582888	0.530914	0.218718	0.714559	0.654348	0.042802	0.816129	0.581642	0.356087	
33	0.224390	0.022652	0.453608	0.653509	0.078143	0.582888	0.541667	0.241099	0.676245	0.657609	0.000000	0.819355	0.640777	0.262799	
33	0.266342	0.023984	0.365979	0.700000	0.067950	0.577540	0.534946	0.206511	0.708812	0.655435	0.000000	0.809677	0.631951	0.285552	
34	0.256585	0.000000	0.886598	0.696491	0.000000	0.235294	0.500000	0.109868	0.521073	0.371739	0.000000	0.816129	0.291262	0.391354	
34	0.147317	0.000000	0.984536	0.767544	0.015855	0.331551	0.745968	0.132248	0.521073	0.531522	0.120623	0.812903	0.676964	0.332196	
34	0.177561	0.000000	1.000000	0.719298	0.000000	0.240642	0.651882	0.120041	0.553640	0.445652	0.105058	0.829032	0.308914	0.313993	
34	0.110244	0.005996	1.000000	0.700000	0.012458	0.288770	0.599462	0.061038	0.563218	0.413044	0.000000	0.829032	0.208297	0.313993	
34	0.135610	0.022652	1.000000	0.717544	0.000000	0.315508	0.689516	0.068159	0.563218	0.501087	0.000000	0.825806	0.359223	0.317406	
34	0.259512	0.035976	0.948454	0.616667	0.000000	0.347594	0.461022	0.035605	0.714559	0.291304	0.151751	0.870968	0.067961	0.435722	
34	0.134634	0.023318	0.716495	0.723684	0.000000	0.304813	0.529570	0.067141	0.607280	0.363044	0.108949	0.835484	0.166814	0.345848	
34	0.301463	0.029980	0.907217	0.665790	0.000000	0.358289	0.375000	0.118006	0.733717	0.255435	0.000000	0.858065	0.013239	0.400455	
34	0.183415	0.011326	1.000000	0.710526	0.000000	0.315508	0.616936	0.074262	0.557471	0.446739	0.023346	0.829032	0.245366	0.298066	
34	0.163902	0.006662	1.000000	0.643860	0.000000	0.245989	0.447581	0.077314	0.695402	0.278261	0.000000	0.861290	0.044131	0.324232	
35	1.000000	0.323784	0.407217	0.064912	0.655719	0.545455	0.131720	0.611394	0.187740	0.504348	0.778210	0.874194	0.389232	0.359499	
35	1.000000	0.239840	0.391753	0.103509	0.797282	0.679144	0.266129	0.721261	0.329502	0.702174	0.770428	0.832258	0.487202	0.309443	
35	1.000000	0.261825	0.510309	0.125439	0.652322	0.663102	0.178763	0.613428	0.360153	0.767391	0.770428	0.825806	0.534863	0.302617	
35	1.000000	0.251166	0.381443	0.121930	0.648924	0.593583	0.217742	0.528993	0.360153	0.641304	0.785992	0.841936	0.490733	0.311718	
35	1.000000	0.261159	0.386598	0.141228	0.668177	0.663102	0.201613	0.552391	0.335249	0.661957	0.782101	0.835484	0.503972	0.303754	
35	1.000000	0.260493	0.391753	0.281579	0.597962	0.689840	0.120968	0.615463	0.243295	0.642391	0.801556	0.838710	0.547220	0.299204	
35	1.000000	0.245836	0.350516	0.160526	0.673839	0.561497	0.146505	0.660224	0.252874	0.677174	0.789883	0.822581	0.571933	0.304892	
35	1.000000	0.247169	0.231959	0.121053	0.748584	0.550802	0.229839	0.678535	0.375479	0.688044	0.778210	0.819355	0.559576	0.313993	
35	1.000000	0.238508	0.268041	0.130702	0.781427	0.641711	0.208333	0.742625	0.310345	0.679348	0.789883	0.816129	0.524272	0.307167	
35	1.000000	0.241839	0.242268	0.147368	0.764439	0.786096	0.196237	0.742625	0.327586	0.630435	0.785992	0.816129	0.486320	0.304892	
36	0.177561	0.000000	0.288660	0.000000	0.254813	0.267380	0.002688	0.320448	0.942529	0.075000	0.338521	0.809677	0.107679	0.375427	
36	0.257561	0.000000	0.365979	0.000000	0.312571	0.368984	0.043011	0.409970	1.000000	0.110870	0.466926	0.822581	0.122683	0.496018	
36	0.251707	0.000000	0.360825	0.000000	0.224236	0.358289	0.041667	0.334690	1.000000	0.107609	0.361868	0.845161	0.097087	0.427759	
36	0.301463	0.000000	0.360825	0.000000	0.249151	0.358289	0.048387	0.388606	1.000000	0.106522	0.431907	0.822581	0.111209	0.441411	
36	0.327805	0.000000	0.324742	0.000000	0.317101	0.352941	0.053763	0.461852	1.000000	0.121739	0.533074	0.806452	0.130627	0.572241	
36	0.317073	0.000000	0.335052	0.000000	0.278596	0.368984	0.059140	0.436419	1.000000	0.127174	0.470817	0.835484	0.120035	0.583618	
36	0.275122	0.000000	0.319588	0.000000	0.238958	0.379679	0.064516	0.386572	1.000000	0.127174	0.416342	0.835484	0.112092	0.474403	
36	0.240000	0.000000	0.309278	0.000000	0.295583	0.395722	0.068548	0.436419	1.000000	0.139130	0.486381	0.845161	0.118270	0.597270	
36	0.160976	0.000000	0.278351	0.002632	0.303511	0.385027	0.072581	0.428281	1.000000	0.143478	0.486381	0.832258	0.097087	0.606371	
36	0.267317	0.000000	0.293814	0.000000	0.277463	0.363636	0.053763	0.391658	1.000000	0.132609	0.463035	0.822581	0.135040	0.481229	
37	0.107317	0.000000	0.536082	0.000000	0.522084	0.588235	0.020161	0.605290	0.339081	0.066304	0.630350	0.509677	0.199470	0.386803	
37	0.183415	0.000000	0.412371	0.000000	0.493771	0.395722	0.033602	0.570702	1.000000	0.078261	0.587549	0.793548	0.132392	0.734926	
37	0.168781	0.000000	0.360825	0.000000	0.549264	0.433155	0.041667	0.615463	1.000000	0.106522	0.599222	0.832258	0.132392	0.774744	
37	0.201951	0.000000	0.386598	0.000000	0.550396	0.417112	0.041667	0.613428	1.000000	0.118478	0.607004	0.825806	0.120035	0.773606	
37	0.247805	0.000000	0.443299	0.000000	0.528879	0.385027	0.030914	0.654120	1.000000	0.065217	0.630350	0.793548	0.134157	0.583618	
37	0.202927	0.000000	0.376289	0.000000	0.540204	0.406417	0.047043	0.632757	1.000000	0.101087	0.634241	0.816129	0.115622	0.750853	
37	0.203902	0.000000	0.350516	0.000000	0.534541	0.422460	0.036290	0.622584	1.000000	0.104348	0.630350	0.819355	0.134157	0.795222	
37	0.121951	0.000000	0.309278	0.000000	0.541336	0.422460	0.045699	0.602238	1.000000	0.121739	0.610895	0.812903	0.110327	0.773606	
37	0.299512	0.000000	0.376289	0.000000	0.565119	0.390374	0.030914	0.652085	1.000000	0.085870	0.645914	0.816129	0.128861	0.709898	
37	0.297561	0.000000	0.360825	0.000000	0.499434	0.310160	0.026882	0.599186	1.000000	0.110870	0.634241	0.870968	0.109444	0.831627	
38	0.627317	0.000000	0.000000	0.147368	0.000000	0.417112	0.068548	0.031536	0.609195	0.086957	0.000000	0.587097	0.157105	0.000000	
38	0.630244	0.000000	0.000000	0.233333	0.000000	0.422460	0.119624	0.045778	0.509579	0.126087	0.000000	0.587097	0.111209	0.000000	
38	0.651707	0.000000	0.000000	0.259649	0.000000	0.454546	0.141129	0.071211	0.461686	0.125000	0.023346	0.603226	0.117388	0.072810	
38	0.640000	0.000000	0.000000	0.352632	0.000000	0.422460	0.182796	0.089522	0.438697	0.140217	0.062257	0.574194	0.111209	0.105802	
38	0.707317	0.007328	0.000000	0.311404	0.000000	0.406417	0.150538	0.093591	0.463602	0.136957	0.046693	0.600000	0.089144	0.094425	
38	0.680000	0.003997	0.000000	0.343860	0.000000	0.395722	0.254032	0.128179	0.432950	0.165217	0.089494	0.645161	0.052074	0.167236	
38	0.701463	0.021985	0.000000	0.306140	0.000000	0.390374	0.198925	0.136317	0.559387	0.142391	0.101167	0.703226	0.050309	0.166098	
38	0.734634	0.045969	0.000000	0.271930	0.000000	0.411765	0.158602	0.121058	0.477012	0.134783	0.101167	0.709677	0.062665	0.162685	
38	0.633171	0.000000	0.000000	0.251754	0.000000	0.347594	0.142473	0.089522	0.624521	0.123913	0.035019	0.748387	0.055605	0.117179	
38	0.624390	0.000000	0.000000	0.289474	0.000000	0.438503	0.150538	0.084435	0.521073	0.131522	0.023346	0.696774	0.075022	0.083049	
39	0.131707	0.000000	0.092784	0.577193	0.422424	0.235294	0.147850	0.049847	0.733717	0.221739	0.007782	0.716129	0.125331	0.110353	
39	0.082927	0.000000	0.159794	0.617544	0.253681	0.229947	0.145161	0.048830	0.816092	0.286957	0.089494	0.667742	0.169462	0.042093	
39	0.047805	0.000000	0.164948	0.618421	0.304643	0.256685	0.143817	0.205493	0.804598	0.290217	0.330739	0.745161	0.104148	0.406143	
39	0.039024	0.000000	0.103093	0.603509	0.297848	0.229947	0.122312	0.208545	0.816092	0.243478	0.354086	0.738710	0.135040	0.411832	
39	0.039024	0.000000	0.134021	0.597368	0.311438	0.229947	0.106183	0.234995	0.818008	0.250000	0.369650	0.716129	0.162401	0.354949	
39	0.026341	0.000000	0.149485	0.600000	0.287656	0.251337	0.130376	0.207528	0.835249	0.268478	0.381323	0.709677	0.154457	0.381115	
39	0.029268	0.000000	0.108247	0.619298	0.298981	0.240642	0.134409	0.221770	0.856322	0.255435	0.439689	0.661290	0.188879	0.308305	
39	0.058537	0.000000	0.113402	0.594737	0.311438	0.245989	0.126344	0.169888	0.894636	0.272826	0.256809	0.654839	0.190644	0.114903	
39	0.045854	0.000000	0.097938	0.584211	0.297848	0.235294	0.120968	0.231943	0.892720	0.264130	0.357977	0.667742	0.200353	0.324232	
39	0.058537	0.000000	0.087629	0.571053	0.327293	0.267380	0.108871	0.230926	0.888889	0.226087	0.404669	0.670968	0.190644	0.323094	
40	0.275122	0.000000	0.000000	0.527193	0.086070	0.096257	0.263441	0.137335	0.235632	0.761957	0.848249	0.793548	0.947926	0.591581	
40	0.275122	0.000000	0.000000	0.649123	0.043035	0.042781	0.272850	0.198372	0.128353	0.713044	0.840467	0.787097	0.954987	0.486917	
40	0.203902	0.000000	0.000000	0.579825	0.049830	0.000000	0.215054	0.161750	0.126437	0.681522	0.840467	0.793548	0.933804	0.496018	
40	0.133659	0.000000	0.000000	0.590351	0.052095	0.021390	0.232527	0.183113	0.189655	0.670652	0.840467	0.800000	0.937335	0.490330	
40	0.275122	0.000000	0.000000	0.551754	0.038505	0.090909	0.251344	0.108851	0.210728	0.704348	0.840467	0.787097	0.938217	0.451650	
40	0.296585	0.000000	0.000000	0.576316	0.052095	0.026738	0.254032	0.122075	0.187740	0.718478	0.840467	0.790323	0.937335	0.450512	
40	0.344390	0.000000	0.000000	0.518421	0.054360	0.021390	0.254032	0.129196	0.149425	0.728261	0.840467	0.787097	0.913504	0.443686	
40	0.333659	0.000000	0.000000	0.492982	0.054360	0.074866	0.240591	0.111902	0.170498	0.720652	0.844358	0.790323	0.905560	0.444824	
40	0.398049	0.000000	0.000000	0.534211	0.052095	0.032086	0.236559	0.115972	0.141763	0.716304	0.844358	0.787097	0.902913	0.443686	
40	0.366829	0.000000	0.000000	0.583333	0.038505	0.064171	0.235215	0.097660	0.275862	0.665217	0.836576	0.787097	0.937335	0.478953	
41	0.493659	0.005330	0.000000	0.442983	0.000000	0.320856	0.344086	0.205493	0.888889	0.361957	0.000000	0.929032	0.432480	0.000000	
41	0.457561	0.000000	0.000000	0.418421	0.000000	0.352941	0.340054	0.218718	1.000000	0.356522	0.011673	0.964516	0.329215	0.000000	
41	0.381463	0.000000	0.000000	0.428947	0.000000	0.326203	0.353495	0.124110	1.000000	0.357609	0.062257	0.864516	0.278906	0.000000	
41	0.429268	0.000000	0.000000	0.378070	0.000000	0.475936	0.345430	0.152594	1.000000	0.367391	0.031128	1.000000	0.364519	0.000000	
41	0.449756	0.000000	0.000000	0.428070	0.000000	0.427808	0.336022	0.201424	1.000000	0.402174	0.054475	0.938710	0.232127	0.000000	
41	0.437073	0.000000	0.000000	0.444737	0.004530	0.368984	0.315860	0.240081	1.000000	0.402174	0.062257	1.000000	0.234775	0.000000	
41	0.445854	0.000000	0.000000	0.493860	0.002265	0.304813	0.319893	0.243133	1.000000	0.383696	0.105058	0.951613	0.167696	0.152446	
41	0.455610	0.000000	0.000000	0.457018	0.010193	0.336898	0.322581	0.237030	1.000000	0.370652	0.062257	1.000000	0.244484	0.000000	
41	0.396098	0.000000	0.000000	0.400877	0.000000	0.347594	0.329301	0.256358	1.000000	0.338044	0.054475	0.945161	0.103266	0.000000	
41	0.426342	0.000000	0.000000	0.483333	0.009060	0.320856	0.327957	0.284842	1.000000	0.356522	0.011673	0.983871	0.123566	0.000000	
42	0.400976	0.004664	0.438144	0.505263	0.022650	0.272727	0.225806	0.454730	0.802682	0.425000	0.000000	0.819355	0.040600	0.000000	
42	0.391220	0.007995	0.448454	0.528947	0.054360	0.331551	0.232527	0.432350	0.992337	0.558696	0.000000	0.822581	0.088261	0.000000	
42	0.413659	0.000000	0.381443	0.497368	0.031710	0.299465	0.221774	0.398779	0.984674	0.520652	0.000000	0.812903	0.092674	0.000000	
42	0.413659	0.004664	0.438144	0.501754	0.039638	0.299465	0.241936	0.396745	0.936782	0.553261	0.000000	0.800000	0.098853	0.000000	
42	0.426342	0.000000	0.417526	0.497368	0.052095	0.294118	0.244624	0.395727	0.896552	0.509783	0.000000	0.777419	0.103266	0.000000	
42	0.387317	0.001999	0.417526	0.532456	0.151755	0.310160	0.244624	0.461852	0.885057	0.548913	0.000000	0.780645	0.157988	0.000000	
42	0.410732	0.001999	0.432990	0.485088	0.109853	0.326203	0.229839	0.447609	0.967433	0.538044	0.000000	0.803226	0.099735	0.000000	
42	0.332683	0.001999	0.360825	0.452632	0.019253	0.379679	0.215054	0.453713	0.996169	0.547826	0.000000	0.867742	0.085613	0.000000	
42	0.322927	0.005330	0.350516	0.453509	0.004530	0.411765	0.215054	0.466938	1.000000	0.566304	0.000000	0.854839	0.101500	0.000000	
42	0.342439	0.005330	0.360825	0.480702	0.028313	0.368984	0.208333	0.487284	0.990422	0.578261	0.000000	0.832258	0.142101	0.000000	
