0 0.277 0.262 0.837 0.816 0.720 0.640 0.601 0.472 0.739 0.798 0.760 0.963 0.760 0.901 
0 0.293 0.266 0.852 0.714 0.742 0.649 0.609 0.503 0.815 0.888 0.711 0.984 0.688 0.934 
0 0.237 0.187 0.861 0.810 0.726 0.672 0.574 0.423 0.685 0.869 0.767 0.979 0.701 0.930 
0 0.251 0.243 0.888 0.746 0.660 0.730 0.625 0.440 0.836 0.699 0.706 0.918 0.657 0.881 
0 0.243 0.218 0.897 0.758 0.481 0.611 0.783 0.526 0.891 0.866 0.857 0.966 0.740 0.876 
0 0.279 0.236 0.853 0.758 0.725 0.736 0.545 0.472 0.956 0.809 0.818 0.972 0.730 0.954 
0 0.304 0.244 0.870 0.746 0.670 0.826 0.652 0.541 0.950 0.841 0.761 0.953 0.786 0.896 
0 0.265 0.231 0.876 0.738 0.440 0.936 0.727 0.521 1.000 0.866 0.724 0.968 0.636 0.826 
0 0.209 0.223 0.887 0.784 0.155 0.860 0.794 0.471 0.895 0.925 0.712 0.974 0.793 0.886 
0 0.209 0.223 0.887 0.784 0.155 0.860 0.794 0.471 0.895 0.925 0.712 0.974 0.793 0.886 
1 0.263 0.275 0.000 0.673 0.893 0.941 0.801 0.950 0.766 0.722 0.997 0.919 0.915 0.925 
1 0.052 0.160 0.280 0.761 0.944 0.932 0.751 0.945 0.823 0.667 0.974 0.914 0.818 0.950 
1 0.262 0.238 0.483 0.717 0.946 0.934 0.721 0.914 0.834 0.742 0.985 0.943 0.819 0.914 
1 0.089 0.096 0.509 0.784 0.948 0.922 0.809 0.954 0.841 0.690 0.987 0.923 0.899 0.968 
1 0.066 0.094 0.470 0.793 0.946 0.917 0.815 0.946 0.843 0.705 0.989 0.923 0.922 0.988 
1 0.194 0.142 0.061 0.755 0.958 0.926 0.785 0.971 0.834 0.705 0.991 0.923 0.897 0.960 
1 0.210 0.137 0.308 0.764 0.948 0.880 0.780 0.942 0.820 0.704 0.997 0.921 0.883 0.968 
1 0.063 0.116 0.134 0.746 0.957 0.883 0.756 0.947 0.827 0.640 0.993 0.909 0.849 0.952 
1 0.068 0.130 0.316 0.761 0.934 0.900 0.791 0.959 0.823 0.644 0.996 0.908 0.847 0.962 
1 0.240 0.135 0.250 0.787 0.941 0.873 0.835 0.955 0.832 0.646 0.982 0.908 0.910 0.957 
2 0.301 0.213 0.722 0.499 0.319 0.589 0.343 0.481 0.611 0.235 0.273 0.866 0.108 0.222 
2 0.220 0.283 0.611 0.516 0.700 0.728 0.201 0.629 0.777 0.124 0.599 0.943 0.024 0.546 
2 0.275 0.225 0.533 0.504 0.219 0.776 0.281 0.511 0.750 0.145 0.298 0.892 0.065 0.207 
2 0.275 0.225 0.533 0.504 0.219 0.776 0.281 0.511 0.750 0.145 0.298 0.892 0.065 0.207 
2 0.275 0.225 0.533 0.504 0.219 0.776 0.281 0.511 0.750 0.145 0.298 0.892 0.065 0.207 
2 0.275 0.225 0.533 0.504 0.219 0.776 0.281 0.511 0.750 0.145 0.298 0.892 0.065 0.207 
2 0.275 0.225 0.533 0.504 0.219 0.776 0.281 0.511 0.750 0.145 0.298 0.892 0.065 0.207 
2 0.308 0.187 0.506 0.461 0.216 0.720 0.152 0.520 0.752 0.090 0.347 0.921 0.080 0.205 
2 0.260 0.239 0.484 0.545 0.419 0.790 0.220 0.533 0.777 0.070 0.356 0.923 0.066 0.252 
2 0.232 0.281 0.459 0.525 0.620 0.778 0.207 0.605 0.764 0.104 0.482 0.958 0.041 0.395 
3 0.285 0.230 0.458 0.341 0.245 0.711 0.232 0.468 0.675 0.130 0.297 0.910 0.082 0.250 
3 0.285 0.230 0.458 0.341 0.245 0.711 0.232 0.468 0.675 0.130 0.297 0.910 0.082 0.250 
3 0.384 0.311 0.613 0.402 0.147 0.747 0.158 0.346 0.668 0.099 0.111 0.810 0.056 0.148 
3 0.321 0.283 0.573 0.312 0.203 0.676 0.130 0.339 0.682 0.082 0.142 0.817 0.058 0.162 
3 0.354 0.303 0.638 0.338 0.166 0.690 0.163 0.331 0.655 0.117 0.152 0.844 0.068 0.157 
3 0.376 0.307 0.608 0.280 0.230 0.687 0.169 0.337 0.657 0.148 0.173 0.850 0.066 0.170 
3 0.346 0.319 0.620 0.289 0.239 0.677 0.153 0.345 0.691 0.093 0.150 0.808 0.034 0.182 
3 0.318 0.276 0.564 0.353 0.274 0.734 0.151 0.340 0.677 0.110 0.178 0.806 0.064 0.173 
3 0.429 0.278 0.460 0.289 0.224 0.720 0.135 0.342 0.675 0.109 0.199 0.830 0.059 0.165 
3 0.351 0.292 0.564 0.306 0.185 0.660 0.115 0.351 0.698 0.069 0.155 0.787 0.060 0.154 
4 0.260 0.280 0.903 0.816 0.630 0.733 0.578 0.935 0.920 0.650 0.896 0.941 0.760 0.881 
4 0.245 0.246 0.864 0.717 0.423 0.782 0.598 0.968 0.884 0.690 0.953 0.924 0.791 0.871 
4 0.268 0.272 0.857 0.682 0.746 0.886 0.513 0.901 0.893 0.690 0.875 0.966 0.672 0.885 
4 0.237 0.282 0.877 0.560 0.806 0.892 0.519 0.959 1.000 0.756 0.919 0.972 0.664 0.937 
4 0.255 0.272 0.846 0.682 0.789 0.882 0.515 0.969 0.914 0.724 0.857 0.979 0.673 0.899 
4 0.235 0.353 0.840 0.577 0.832 0.868 0.598 0.931 0.889 0.790 0.823 0.977 0.635 0.840 
4 0.273 0.279 0.913 0.659 0.746 0.830 0.533 0.947 0.925 0.725 0.905 0.971 0.665 0.928 
4 0.260 0.273 0.843 0.560 0.819 0.912 0.464 0.975 0.919 0.776 0.851 0.946 0.719 0.935 
4 0.295 0.340 0.811 0.589 0.772 0.950 0.543 0.963 0.894 0.716 0.922 0.957 0.642 0.856 
4 0.245 0.416 0.819 0.484 0.831 0.924 0.547 0.963 0.957 0.719 0.794 0.987 0.457 0.763 
5 0.361 0.842 0.915 0.531 0.709 0.649 0.385 0.334 0.744 0.307 0.247 0.918 0.108 0.188 
5 0.361 0.842 0.915 0.531 0.709 0.649 0.385 0.334 0.744 0.307 0.247 0.918 0.108 0.188 
5 0.285 0.693 0.929 0.732 0.642 0.589 0.359 0.371 0.647 0.253 0.137 0.971 0.056 0.097 
5 0.338 0.445 0.920 0.534 0.751 0.612 0.229 0.304 0.740 0.122 0.161 0.823 0.036 0.094 
5 0.333 0.373 0.903 0.513 0.605 0.650 0.390 0.349 0.609 0.326 0.150 0.845 0.058 0.082 
5 0.414 0.426 0.777 0.507 0.400 0.618 0.277 0.324 0.674 0.227 0.146 0.861 0.086 0.140 
5 0.414 0.426 0.777 0.507 0.400 0.618 0.277 0.324 0.674 0.227 0.146 0.861 0.086 0.140 
5 0.318 0.552 0.924 0.516 0.737 0.616 0.267 0.322 0.692 0.176 0.199 0.826 0.069 0.150 
5 0.328 0.691 0.915 0.394 0.727 0.655 0.303 0.326 0.710 0.162 0.211 0.819 0.068 0.162 
5 0.354 0.655 0.891 0.426 0.674 0.635 0.316 0.318 0.697 0.215 0.133 0.829 0.077 0.103 
6 0.265 0.568 0.699 0.822 0.986 1.000 0.831 0.960 0.878 0.777 0.865 0.962 0.946 0.927 
6 0.152 0.571 0.681 0.831 0.941 0.944 0.940 0.990 0.882 0.848 0.922 0.942 0.981 0.959 
6 0.124 0.566 0.680 0.831 0.946 0.941 0.955 0.993 0.921 0.841 0.914 0.956 0.973 0.991 
6 0.111 0.624 0.675 0.837 0.947 0.936 0.974 0.997 0.907 0.860 0.933 0.965 0.975 0.990 
6 0.141 0.573 0.678 0.837 0.953 0.931 0.950 0.977 0.937 0.861 0.933 0.976 0.966 0.996 
6 0.162 0.607 0.682 0.764 0.955 0.936 0.912 0.978 0.896 0.824 0.957 0.967 0.968 0.987 
6 0.139 0.588 0.671 0.813 0.953 0.955 1.000 0.986 0.869 0.866 0.938 0.958 0.989 0.994 
6 0.152 0.582 0.694 0.813 0.952 0.919 0.828 0.986 0.910 0.796 0.968 0.958 0.961 0.983 
6 0.149 0.576 0.680 0.802 0.957 0.934 0.927 0.989 0.889 0.861 0.938 0.964 0.961 0.989 
6 0.157 0.555 0.689 0.813 0.956 0.941 0.980 1.000 0.885 0.891 0.930 0.965 0.984 0.994 
7 0.348 0.297 0.603 0.484 0.546 0.710 0.285 0.309 0.695 0.330 0.211 0.811 0.113 0.181 
7 0.374 0.283 0.686 0.233 0.302 0.371 0.185 0.214 0.387 0.117 0.227 0.925 0.086 0.198 
7 0.402 0.159 0.672 0.192 0.465 0.430 0.182 0.337 0.407 0.111 0.213 0.922 0.050 0.219 
7 0.402 0.159 0.672 0.192 0.465 0.430 0.182 0.337 0.407 0.111 0.213 0.922 0.050 0.219 
7 0.328 0.292 0.700 0.350 0.433 0.434 0.204 0.262 0.643 0.129 0.184 0.873 0.059 0.175 
7 0.386 0.209 0.730 0.455 0.202 0.448 0.272 0.250 0.559 0.136 0.189 0.875 0.060 0.195 
7 0.341 0.247 0.643 0.391 0.613 0.607 0.153 0.295 0.731 0.190 0.197 0.847 0.097 0.209 
7 0.379 0.261 0.755 0.542 0.533 0.573 0.266 0.292 0.643 0.255 0.176 0.921 0.088 0.143 
7 0.318 0.292 0.750 0.347 0.641 0.632 0.159 0.297 0.690 0.176 0.163 0.867 0.083 0.174 
7 0.313 0.278 0.609 0.446 0.262 0.665 0.281 0.366 0.688 0.263 0.178 0.878 0.060 0.191 
8 0.235 0.438 0.665 0.843 0.931 0.902 0.843 0.956 0.833 0.946 0.780 0.969 0.251 0.213 
8 0.247 0.430 0.661 0.851 0.940 0.921 0.856 0.976 0.790 0.950 0.858 0.975 0.257 0.220 
8 0.293 0.358 0.650 0.863 0.931 0.947 0.844 0.995 0.769 0.898 0.806 0.947 0.258 0.213 
8 0.235 0.383 0.746 0.863 0.967 0.783 0.753 0.773 0.760 0.539 0.656 0.908 0.213 0.185 
8 0.283 0.365 0.849 0.863 0.817 0.773 0.690 0.862 0.771 0.429 0.371 0.914 0.211 0.197 
8 0.283 0.268 0.724 0.860 0.901 0.777 0.885 0.915 0.830 0.865 0.751 0.892 0.241 0.211 
8 0.245 0.453 0.789 0.913 0.903 0.754 0.737 0.866 0.805 0.432 0.711 0.915 0.171 0.183 
8 0.177 0.452 0.733 0.892 0.980 0.831 0.785 0.943 0.824 0.615 0.738 0.913 0.227 0.178 
8 0.285 0.447 0.785 0.880 0.865 0.755 0.915 0.889 0.742 0.644 0.447 0.875 0.248 0.189 
8 0.210 0.455 0.764 0.866 0.952 0.784 0.808 0.876 0.726 0.673 0.548 0.918 0.270 0.203 
9 0.346 0.273 0.629 0.598 0.386 0.733 0.366 0.485 0.708 0.198 0.250 0.909 0.040 0.161 
9 0.356 0.177 0.615 0.356 0.355 0.716 0.158 0.322 0.726 0.182 0.198 0.836 0.110 0.189 
9 0.172 0.706 0.863 0.265 0.207 0.694 0.134 0.341 0.701 0.122 0.182 0.837 0.090 0.214 
9 0.227 0.776 0.810 0.201 0.304 0.691 0.139 0.326 0.735 0.205 0.184 0.835 0.099 0.190 
9 0.212 0.604 0.876 0.481 0.204 0.677 0.149 0.339 0.661 0.128 0.197 0.863 0.086 0.200 
9 0.290 0.784 0.922 0.382 0.161 0.646 0.130 0.357 0.699 0.100 0.186 0.839 0.084 0.210 
9 0.164 0.422 0.787 0.385 0.453 0.712 0.236 0.435 0.708 0.133 0.205 0.860 0.058 0.180 
9 0.263 0.805 0.907 0.242 0.206 0.665 0.129 0.312 0.756 0.144 0.176 0.833 0.105 0.207 
9 0.189 0.798 0.863 0.219 0.153 0.659 0.157 0.351 0.722 0.175 0.181 0.839 0.088 0.212 
9 0.298 0.725 0.927 0.405 0.160 0.587 0.144 0.310 0.710 0.109 0.185 0.841 0.085 0.220 
10 0.495 0.115 0.499 0.738 0.255 0.831 0.790 0.999 0.900 0.692 0.908 1.000 0.651 0.925 
10 0.366 0.116 0.435 0.708 0.243 0.842 0.857 0.985 0.912 0.774 0.896 0.897 0.827 0.976 
10 0.394 0.215 0.560 0.723 0.236 0.853 0.784 0.990 0.867 0.671 0.902 0.891 0.695 0.997 
10 0.472 0.138 0.537 0.723 0.279 0.819 0.820 0.989 0.903 0.740 0.919 0.894 0.712 0.957 
10 0.343 0.058 0.517 0.729 0.128 0.904 0.772 0.989 0.862 0.726 0.914 0.882 0.864 0.927 
10 0.391 0.149 0.422 0.743 0.230 0.891 0.859 0.996 0.851 0.739 0.904 0.827 0.824 0.933 
10 0.280 0.288 0.628 0.764 0.239 0.828 0.821 0.994 0.925 0.750 0.910 0.902 0.708 0.992 
10 0.404 0.117 0.402 0.729 0.190 0.877 0.854 0.993 0.910 0.774 0.893 0.904 0.699 0.929 
10 0.427 0.130 0.430 0.711 0.184 0.877 0.826 0.999 0.948 0.800 0.930 0.906 0.729 0.950 
10 0.434 0.087 0.462 0.746 0.204 0.882 0.834 0.979 0.842 0.675 0.896 0.824 0.620 0.922 
11 0.232 0.523 0.905 0.402 0.121 0.567 0.269 0.334 0.117 0.422 0.283 0.793 0.746 0.955 
11 0.210 0.332 0.855 0.312 0.116 0.240 0.317 0.217 0.139 0.147 0.245 0.765 0.319 0.653 
11 0.124 0.326 0.878 0.359 0.138 0.467 0.340 0.321 0.161 0.505 0.315 0.713 0.663 0.814 
11 0.136 0.346 0.874 0.490 0.108 0.369 0.208 0.212 0.317 0.207 0.235 0.788 0.266 0.847 
11 0.162 0.315 0.878 0.332 0.104 0.479 0.355 0.317 0.274 0.389 0.264 0.662 0.524 0.857 
11 0.096 0.304 0.911 0.359 0.117 0.461 0.359 0.282 0.000 0.498 0.221 0.582 0.681 0.762 
11 0.167 0.304 0.911 0.455 0.115 0.400 0.260 0.251 0.476 0.200 0.308 0.782 0.253 0.521 
11 0.124 0.301 0.887 0.353 0.116 0.379 0.263 0.286 0.158 0.371 0.233 0.543 0.515 0.650 
11 0.343 0.149 0.734 0.271 0.178 0.535 0.364 0.292 0.180 0.510 0.233 0.601 0.693 0.658 
11 0.116 0.303 0.899 0.277 0.095 0.532 0.433 0.330 0.284 0.505 0.216 0.576 0.555 0.636 
12 0.152 0.297 0.901 0.516 0.103 0.546 0.482 0.330 0.429 0.731 0.851 0.755 0.830 0.960 
12 0.172 0.308 0.853 0.487 0.277 0.541 0.398 0.336 0.355 0.710 0.936 0.795 0.493 0.929 
12 0.172 0.292 0.872 0.583 0.298 0.556 0.473 0.355 0.409 0.855 0.933 0.794 0.673 0.978 
12 0.177 0.294 0.874 0.577 0.219 0.479 0.445 0.357 0.394 0.882 0.925 0.801 0.661 0.983 
12 0.149 0.300 0.875 0.697 0.265 0.618 0.620 0.358 0.517 0.937 0.928 0.805 0.683 0.985 
12 0.164 0.296 0.877 0.659 0.234 0.623 0.512 0.368 0.459 0.936 0.897 0.802 0.707 0.988 
12 0.174 0.324 0.878 0.606 0.255 0.523 0.487 0.369 0.470 0.923 0.926 0.805 0.637 0.970 
12 0.187 0.279 0.882 0.641 0.223 0.490 0.486 0.368 0.481 0.942 0.920 0.797 0.724 0.989 
12 0.187 0.341 0.886 0.688 0.297 0.551 0.552 0.375 0.498 0.919 0.911 0.812 0.698 0.983 
12 0.189 0.362 0.884 0.563 0.257 0.613 0.396 0.328 0.556 0.840 0.869 0.768 0.685 0.951 
13 0.237 0.318 0.761 0.522 0.736 0.585 0.343 0.254 0.496 0.337 0.224 0.663 0.152 0.341 
13 0.290 0.413 0.694 0.472 0.720 0.586 0.351 0.294 0.699 0.329 0.249 0.754 0.197 0.303 
13 0.394 0.216 0.762 0.574 0.701 0.609 0.294 0.432 0.630 0.195 0.262 0.806 0.074 0.434 
13 0.270 0.339 0.757 0.618 0.830 0.699 0.349 0.302 0.660 0.220 0.177 0.793 0.077 0.275 
13 0.215 0.365 0.748 0.484 0.696 0.561 0.334 0.249 0.712 0.222 0.219 0.768 0.069 0.407 
13 0.232 0.332 0.751 0.659 0.767 0.568 0.367 0.219 0.667 0.309 0.234 0.836 0.135 0.325 
13 0.199 0.346 0.760 0.668 0.777 0.641 0.368 0.263 0.682 0.331 0.238 0.815 0.197 0.357 
13 0.232 0.347 0.750 0.668 0.745 0.569 0.354 0.269 0.656 0.294 0.213 0.833 0.124 0.272 
13 0.298 0.285 0.743 0.636 0.713 0.649 0.337 0.449 0.615 0.281 0.248 0.881 0.183 0.284 
13 0.258 0.321 0.708 0.694 0.688 0.598 0.378 0.315 0.662 0.366 0.227 0.852 0.255 0.285 
14 0.351 0.296 0.674 0.501 0.508 0.726 0.138 0.349 0.390 0.220 0.887 0.804 0.302 0.970 
14 0.313 0.288 0.690 0.484 0.715 0.766 0.281 0.368 0.420 0.151 0.878 0.828 0.239 0.965 
14 0.182 0.092 0.360 0.484 0.739 0.767 0.213 0.319 0.387 0.362 0.890 0.773 0.303 0.968 
14 0.298 0.216 0.562 0.531 0.797 0.743 0.343 0.367 0.290 0.649 0.764 0.816 0.577 0.790 
14 0.356 0.063 0.527 0.388 0.508 0.584 0.256 0.321 0.227 0.431 0.732 0.859 0.383 0.893 
14 0.356 0.063 0.527 0.388 0.508 0.584 0.256 0.321 0.227 0.431 0.732 0.859 0.383 0.893 
14 0.366 0.099 0.572 0.440 0.727 0.540 0.243 0.330 0.251 0.444 0.654 0.884 0.436 0.864 
14 0.318 0.235 0.482 0.472 0.823 0.751 0.258 0.377 0.669 0.391 0.876 0.795 0.406 0.968 
14 0.338 0.145 0.454 0.431 0.711 0.625 0.325 0.333 0.539 0.301 0.822 0.790 0.316 0.942 
14 0.301 0.281 0.495 0.644 0.779 0.823 0.230 0.309 0.327 0.565 0.842 0.817 0.402 0.934 
15 0.356 0.784 0.977 0.994 0.811 0.771 0.523 0.725 0.764 0.438 0.881 0.837 0.349 0.960 
15 0.348 0.977 0.972 0.939 0.795 0.771 0.554 0.733 0.751 0.440 0.835 0.830 0.291 0.890 
15 0.351 0.996 0.974 0.895 0.807 0.761 0.762 0.756 0.952 0.694 0.942 0.927 0.725 0.986 
15 0.369 0.788 0.949 0.860 0.815 0.784 0.623 0.791 0.868 0.682 0.877 0.830 0.882 0.989 
15 0.338 0.875 0.940 0.796 0.814 0.825 0.631 0.775 0.974 0.685 0.894 0.856 0.697 0.958 
15 0.346 0.983 0.938 0.799 0.823 0.848 0.716 0.767 1.000 0.683 0.873 0.914 0.595 0.992 
15 0.381 0.897 0.965 0.799 0.829 0.833 0.608 0.785 0.822 0.590 0.897 0.834 0.724 0.949 
15 0.346 1.000 0.956 0.813 0.799 0.801 0.706 0.734 0.820 0.615 0.938 0.875 0.463 0.973 
15 0.371 0.942 0.943 0.770 0.822 0.851 0.637 0.766 0.931 0.603 0.928 0.859 0.592 0.990 
15 0.369 1.000 0.925 0.755 0.814 0.898 0.597 0.777 0.846 0.590 0.940 0.868 0.708 0.948 
16 0.480 0.267 0.000 0.484 0.285 0.681 0.526 0.770 0.785 0.569 0.775 0.813 0.641 0.834 
16 0.111 0.071 0.125 0.601 0.205 0.862 0.674 0.951 0.723 0.637 0.780 0.830 0.779 0.934 
16 0.220 0.091 0.086 0.630 0.199 0.846 0.708 0.951 0.700 0.783 0.783 0.736 0.740 0.858 
16 0.429 0.264 0.059 0.487 0.192 0.700 0.654 0.843 0.729 0.672 0.833 0.843 0.792 0.923 
16 0.326 0.220 0.369 0.586 0.209 0.704 0.662 0.774 0.777 0.708 0.786 0.848 0.730 0.893 
16 0.369 0.291 0.483 0.621 0.210 0.653 0.750 0.721 0.771 0.781 0.751 0.817 0.725 0.860 
16 0.462 0.267 0.042 0.580 0.193 0.792 0.873 0.858 0.658 0.750 0.777 0.730 0.636 0.866 
16 0.429 0.238 0.049 0.743 0.176 0.839 0.815 0.916 0.628 0.721 0.720 0.722 0.457 0.786 
16 0.482 0.216 0.092 0.507 0.169 0.764 0.850 0.911 0.666 0.557 0.841 0.726 0.326 0.909 
16 0.389 0.194 0.064 0.682 0.150 0.797 0.803 0.873 0.690 0.734 0.768 0.755 0.702 0.872 
17 0.167 0.257 0.858 0.563 0.051 0.548 0.492 0.365 0.508 0.673 0.891 0.799 0.569 0.980 
17 0.177 0.420 0.846 0.394 0.157 0.519 0.308 0.322 0.419 0.400 0.882 0.814 0.227 0.992 
17 0.217 0.253 0.844 0.586 0.088 0.517 0.428 0.336 0.423 0.678 0.946 0.836 0.406 0.995 
17 0.215 0.252 0.821 0.569 0.150 0.492 0.465 0.384 0.393 0.902 0.932 0.861 0.661 1.000 
17 0.212 0.240 0.845 0.621 0.089 0.427 0.454 0.363 0.387 0.832 0.949 0.876 0.569 0.988 
17 0.230 0.259 0.837 0.472 0.144 0.484 0.357 0.340 0.393 0.637 0.939 0.805 0.356 0.986 
17 0.227 0.240 0.835 0.644 0.183 0.552 0.510 0.372 0.470 0.920 0.960 0.843 0.684 0.995 
17 0.235 0.243 0.833 0.618 0.172 0.503 0.467 0.386 0.449 0.862 0.978 0.861 0.622 1.000 
17 0.232 0.236 0.851 0.606 0.169 0.503 0.481 0.389 0.372 0.934 0.957 0.863 0.687 0.989 
17 0.225 0.237 0.842 0.647 0.168 0.509 0.480 0.377 0.449 0.887 0.963 0.836 0.702 1.000 
18 0.374 0.301 0.921 0.636 0.108 0.166 0.792 0.358 0.638 0.866 0.791 0.892 0.636 0.919 
18 0.369 0.284 0.915 0.411 0.182 0.196 0.811 0.363 0.615 0.834 0.723 0.878 0.693 0.945 
18 0.439 0.247 0.914 0.569 0.104 0.247 0.825 0.341 0.449 0.911 0.781 0.833 0.727 0.953 
18 0.359 0.263 0.918 0.583 0.143 0.153 0.719 0.347 0.579 0.847 0.826 0.879 0.692 0.959 
18 0.354 0.241 0.938 0.507 0.145 0.115 0.641 0.345 0.652 0.797 0.859 0.886 0.515 0.936 
18 0.326 0.265 0.927 0.534 0.134 0.255 0.431 0.352 0.346 0.795 0.813 0.829 0.594 0.907 
18 0.318 0.241 0.932 0.490 0.177 0.204 0.743 0.398 0.621 0.827 0.785 0.878 0.652 0.952 
18 0.331 0.229 0.923 0.466 0.197 0.195 0.698 0.376 0.593 0.774 0.785 0.859 0.666 0.938 
18 0.316 0.248 0.934 0.697 0.161 0.248 0.721 0.411 0.709 0.827 0.871 0.878 0.644 0.958 
18 0.313 0.226 0.916 0.466 0.184 0.314 0.702 0.405 0.660 0.783 0.744 0.866 0.592 0.933 
19 0.313 0.309 0.926 0.589 0.164 0.681 0.368 0.388 0.366 0.307 0.832 0.784 0.273 0.959 
19 0.343 0.326 0.935 0.496 0.106 0.672 0.334 0.327 0.314 0.284 0.771 0.749 0.232 0.890 
19 0.285 0.208 0.805 0.201 0.089 0.546 0.206 0.391 0.409 0.218 0.433 0.818 0.189 0.701 
19 0.242 0.350 0.916 0.569 0.170 0.592 0.277 0.348 0.514 0.162 0.806 0.819 0.110 0.910 
19 0.270 0.275 0.887 0.536 0.225 0.525 0.346 0.325 0.482 0.484 0.945 0.821 0.323 0.964 
19 0.268 0.276 0.895 0.554 0.147 0.552 0.371 0.320 0.447 0.627 0.933 0.806 0.451 0.976 
19 0.313 0.294 0.934 0.452 0.252 0.538 0.358 0.330 0.330 0.469 0.845 0.785 0.490 0.944 
19 0.313 0.294 0.934 0.452 0.252 0.538 0.358 0.330 0.330 0.469 0.845 0.785 0.490 0.944 
19 0.313 0.294 0.934 0.452 0.252 0.538 0.358 0.330 0.330 0.469 0.845 0.785 0.490 0.944 
19 0.288 0.315 0.917 0.606 0.203 0.595 0.358 0.344 0.460 0.517 0.956 0.775 0.357 0.974 
20 0.285 0.436 0.740 0.808 0.127 0.837 0.706 0.968 0.798 0.837 0.937 0.852 0.816 0.949 
20 0.202 0.317 0.688 0.851 0.660 0.811 0.789 0.999 0.758 0.733 0.919 0.873 0.688 0.972 
20 0.250 0.414 0.714 0.805 0.187 0.817 0.800 1.000 0.741 0.788 0.944 0.826 0.823 0.972 
20 0.169 0.477 0.700 0.708 0.164 0.855 0.843 0.934 0.806 0.818 0.927 0.868 0.771 0.970 
20 0.210 0.307 0.673 0.819 0.635 0.849 0.841 0.982 0.774 0.813 0.937 0.868 0.751 0.967 
20 0.194 0.407 0.703 0.685 0.561 0.858 0.843 0.962 0.806 0.834 0.925 0.848 0.695 0.930 
20 0.215 0.383 0.710 0.679 0.566 0.855 0.848 0.959 0.754 0.861 0.957 0.815 0.559 0.912 
20 0.227 0.294 0.702 0.717 0.664 0.878 0.741 0.955 0.866 0.774 0.959 0.878 0.684 0.964 
20 0.237 0.334 0.731 0.708 0.455 0.797 0.843 0.952 0.719 0.826 0.951 0.814 0.742 0.932 
20 0.215 0.404 0.685 0.653 0.338 0.843 0.886 0.954 0.774 0.827 0.910 0.840 0.639 0.893 
21 0.381 0.253 0.755 0.810 0.657 0.705 0.359 0.600 0.650 0.245 0.567 0.859 0.189 0.679 
21 0.321 0.330 0.727 0.802 0.678 0.695 0.367 0.655 0.640 0.253 0.592 0.844 0.127 0.672 
21 0.177 0.386 0.741 0.790 0.661 0.697 0.352 0.619 0.646 0.224 0.523 0.853 0.121 0.538 
21 0.306 0.260 0.745 0.603 0.663 0.656 0.247 0.615 0.650 0.147 0.604 0.834 0.085 0.743 
21 0.316 0.267 0.745 0.723 0.558 0.656 0.366 0.560 0.629 0.245 0.484 0.787 0.100 0.530 
21 0.346 0.250 0.735 0.650 0.676 0.662 0.345 0.591 0.666 0.213 0.511 0.821 0.118 0.695 
21 0.318 0.288 0.721 0.825 0.485 0.657 0.392 0.547 0.650 0.289 0.495 0.836 0.124 0.672 
21 0.285 0.386 0.709 0.837 0.516 0.663 0.349 0.579 0.682 0.201 0.633 0.836 0.094 0.792 
21 0.275 0.344 0.733 0.773 0.390 0.630 0.424 0.544 0.666 0.324 0.470 0.862 0.185 0.673 
21 0.402 0.247 0.762 0.708 0.493 0.656 0.349 0.530 0.674 0.247 0.442 0.849 0.173 0.461 
22 0.376 0.243 0.233 0.411 0.132 0.658 0.190 0.258 0.580 0.159 0.235 0.706 0.083 0.232 
22 0.455 0.235 0.238 0.268 0.147 0.611 0.191 0.276 0.562 0.183 0.202 0.728 0.076 0.328 
22 0.354 0.183 0.142 0.414 0.160 0.633 0.180 0.272 0.564 0.152 0.201 0.723 0.081 0.337 
22 0.343 0.164 0.138 0.429 0.178 0.637 0.182 0.280 0.554 0.155 0.209 0.737 0.074 0.342 
22 0.374 0.192 0.134 0.362 0.131 0.752 0.248 0.310 0.544 0.228 0.212 0.753 0.091 0.357 
22 0.336 0.173 0.086 0.417 0.190 0.638 0.196 0.268 0.564 0.170 0.203 0.726 0.087 0.356 
22 0.381 0.200 0.174 0.563 0.160 0.606 0.370 0.287 0.554 0.287 0.216 0.728 0.140 0.362 
22 0.354 0.172 0.050 0.306 0.152 0.649 0.186 0.257 0.572 0.155 0.203 0.730 0.086 0.350 
22 0.336 0.189 0.092 0.315 0.208 0.636 0.178 0.263 0.576 0.144 0.215 0.727 0.079 0.344 
22 0.194 0.139 0.119 0.251 0.182 0.638 0.151 0.257 0.570 0.134 0.213 0.730 0.093 0.348 
23 0.235 0.128 0.196 0.848 0.835 0.735 1.000 0.862 0.625 0.995 0.742 0.737 0.273 0.306 
23 0.215 0.122 0.189 0.910 0.813 0.783 1.000 0.859 0.627 0.890 0.604 0.740 0.232 0.264 
23 0.187 0.125 0.219 0.863 0.838 0.780 0.982 0.917 0.662 0.954 0.796 0.784 0.238 0.283 
23 0.336 0.098 0.246 0.895 0.901 0.758 1.000 0.886 0.668 0.973 0.760 0.802 0.303 0.274 
23 0.182 0.110 0.142 0.904 0.886 0.782 1.000 0.880 0.631 0.978 0.696 0.776 0.248 0.259 
23 0.285 0.115 0.199 0.921 0.886 0.751 0.978 0.838 0.633 0.945 0.702 0.830 0.262 0.268 
23 0.404 0.164 0.288 0.933 0.870 0.740 0.920 0.845 0.633 0.868 0.755 0.837 0.274 0.256 
23 0.346 0.119 0.266 0.895 0.906 0.764 0.951 0.887 0.666 0.965 0.793 0.834 0.263 0.241 
23 0.222 0.142 0.125 0.918 0.903 0.728 0.930 0.871 0.660 0.997 0.804 0.788 0.277 0.231 
23 0.162 0.127 0.130 0.857 0.912 0.768 0.984 0.870 0.654 0.998 0.757 0.833 0.342 0.244 
24 0.172 0.810 0.943 0.773 0.758 0.436 0.601 0.538 0.393 0.836 0.842 0.853 0.915 0.973 
24 0.245 0.577 0.950 0.752 0.736 0.503 0.678 0.479 0.352 0.849 0.746 0.821 0.810 0.923 
24 0.303 0.287 0.958 0.758 0.768 0.586 0.526 0.504 0.326 0.913 0.811 0.788 0.834 0.963 
24 0.263 0.254 0.955 0.749 0.786 0.421 0.686 0.465 0.422 0.924 0.738 0.895 0.738 0.942 
24 0.275 0.241 0.950 0.741 0.806 0.480 0.646 0.475 0.418 0.893 0.791 0.857 0.802 0.955 
24 0.331 0.260 0.959 0.907 0.834 0.444 0.432 0.694 0.481 0.765 0.742 0.865 0.713 0.912 
24 0.336 0.342 0.972 0.764 0.805 0.504 0.467 0.597 0.489 0.703 0.849 0.844 0.770 0.962 
24 0.255 0.331 0.972 0.755 0.780 0.520 0.634 0.522 0.397 0.899 0.807 0.902 0.876 0.933 
24 0.293 0.265 0.957 0.921 0.827 0.434 0.502 0.557 0.483 0.812 0.709 0.914 0.709 0.891 
24 0.232 0.263 0.962 0.679 0.723 0.591 0.601 0.474 0.306 0.840 0.695 0.927 0.633 0.803 
25 0.255 0.189 0.978 0.417 0.222 0.401 0.352 0.125 0.342 0.202 0.206 0.799 0.540 0.309 
25 0.293 0.219 0.980 0.329 0.412 0.420 0.329 0.132 0.472 0.261 0.243 0.799 0.081 0.362 
25 0.293 0.219 0.980 0.329 0.412 0.420 0.329 0.132 0.472 0.261 0.243 0.799 0.081 0.362 
25 0.247 0.201 0.980 0.362 0.649 0.331 0.246 0.118 0.354 0.188 0.198 0.802 0.187 0.321 
25 0.217 0.168 0.929 0.350 0.403 0.581 0.372 0.174 0.415 0.351 0.194 0.831 0.130 0.143 
25 0.177 0.176 0.939 0.335 0.654 0.321 0.289 0.085 0.267 0.173 0.190 0.832 0.517 0.241 
25 0.194 0.228 0.947 0.420 0.316 0.364 0.236 0.122 0.312 0.202 0.189 0.837 0.386 0.221 
25 0.303 0.148 0.888 0.356 0.610 0.294 0.294 0.090 0.312 0.135 0.191 0.820 0.515 0.243 
25 0.210 0.195 0.938 0.397 0.566 0.455 0.336 0.064 0.521 0.193 0.234 0.751 0.130 0.281 
25 0.179 0.191 0.968 0.353 0.623 0.301 0.243 0.089 0.287 0.124 0.204 0.826 0.493 0.261 
26 0.457 0.094 0.533 0.726 0.923 0.727 0.819 0.804 0.733 0.658 0.833 0.858 0.806 0.902 
26 0.419 0.170 0.395 0.796 0.937 0.801 0.921 0.899 0.745 0.742 0.872 0.939 0.936 0.898 
26 0.336 0.179 0.397 0.845 0.924 0.804 0.921 0.888 0.743 0.736 0.913 0.873 0.931 0.914 
26 0.457 0.492 0.442 0.754 0.924 0.762 0.866 0.818 0.743 0.675 0.779 0.870 0.549 0.935 
26 0.455 0.122 0.236 0.793 0.940 0.761 0.906 0.862 0.739 0.687 0.913 0.841 0.939 0.926 
26 0.379 0.181 0.389 0.666 0.922 0.795 0.814 0.869 0.756 0.641 0.897 0.855 0.832 0.925 
26 0.391 0.196 0.344 0.749 0.937 0.777 0.894 0.874 0.754 0.668 0.914 0.836 0.888 0.928 
26 0.301 0.060 0.302 0.657 0.926 0.805 0.813 0.886 0.762 0.654 0.925 0.871 0.939 0.931 
26 0.308 0.227 0.606 0.715 0.911 0.806 0.835 0.865 0.754 0.708 0.887 0.879 0.802 0.926 
26 0.318 0.189 0.406 0.768 0.930 0.797 0.909 0.862 0.750 0.720 0.882 0.856 0.725 0.935 
27 0.217 0.249 0.726 0.597 0.296 0.721 0.375 0.833 0.694 0.277 0.872 0.805 0.243 0.857 
27 0.301 0.239 0.711 0.439 0.220 0.741 0.391 0.806 0.676 0.258 0.795 0.765 0.117 0.783 
27 0.235 0.222 0.657 0.519 0.131 0.732 0.407 0.798 0.684 0.206 0.635 0.832 0.086 0.868 
27 0.285 0.237 0.747 0.508 0.170 0.626 0.398 0.799 0.656 0.247 0.818 0.763 0.082 0.843 
27 0.245 0.223 0.703 0.530 0.107 0.731 0.324 0.733 0.699 0.173 0.848 0.866 0.083 0.935 
27 0.293 0.230 0.779 0.514 0.137 0.698 0.300 0.682 0.670 0.173 0.577 0.821 0.091 0.633 
27 0.283 0.234 0.760 0.622 0.099 0.770 0.334 0.732 0.690 0.189 0.682 0.871 0.081 0.872 
27 0.270 0.237 0.745 0.762 0.105 0.815 0.325 0.776 0.733 0.225 0.845 0.881 0.095 0.862 
27 0.202 0.226 0.809 0.580 0.128 0.724 0.358 0.765 0.674 0.200 0.717 0.810 0.090 0.739 
27 0.202 0.226 0.809 0.580 0.128 0.724 0.358 0.765 0.674 0.200 0.717 0.810 0.090 0.739 
28 0.492 0.206 0.685 0.431 0.085 0.569 0.419 0.321 0.599 0.351 0.244 0.796 0.199 0.382 
28 0.338 0.221 0.781 0.343 0.127 0.620 0.258 0.281 0.648 0.169 0.209 0.751 0.072 0.353 
28 0.303 0.253 0.771 0.331 0.104 0.622 0.216 0.258 0.635 0.179 0.191 0.748 0.074 0.314 
28 0.338 0.217 0.795 0.285 0.163 0.624 0.227 0.282 0.637 0.161 0.225 0.726 0.085 0.350 
28 0.341 0.192 0.753 0.356 0.215 0.612 0.192 0.268 0.642 0.151 0.239 0.729 0.084 0.312 
28 0.348 0.316 0.778 0.271 0.197 0.619 0.213 0.268 0.633 0.182 0.208 0.753 0.074 0.308 
28 0.321 0.209 0.858 0.390 0.152 0.602 0.196 0.270 0.631 0.182 0.211 0.740 0.079 0.313 
28 0.331 0.360 0.734 0.315 0.208 0.609 0.191 0.255 0.660 0.178 0.220 0.749 0.050 0.335 
28 0.354 0.212 0.766 0.240 0.205 0.586 0.212 0.280 0.613 0.180 0.229 0.781 0.079 0.339 
28 0.356 0.566 0.700 0.334 0.213 0.635 0.204 0.257 0.631 0.184 0.204 0.760 0.081 0.312 
29 0.265 0.241 0.757 0.514 0.623 0.530 0.211 0.603 0.640 0.075 0.412 0.791 0.060 0.416 
29 0.210 0.414 0.693 0.470 0.823 0.675 0.196 0.414 0.609 0.099 0.269 0.782 0.060 0.284 
29 0.222 0.343 0.708 0.552 0.717 0.600 0.217 0.670 0.686 0.074 0.655 0.784 0.068 0.501 
29 0.232 0.347 0.696 0.558 0.660 0.565 0.234 0.677 0.682 0.084 0.654 0.787 0.075 0.586 
29 0.270 0.368 0.693 0.577 0.667 0.586 0.264 0.670 0.668 0.041 0.596 0.770 0.072 0.688 
29 0.278 0.379 0.710 0.564 0.730 0.575 0.252 0.673 0.672 0.091 0.665 0.764 0.065 0.482 
29 0.242 0.377 0.699 0.547 0.736 0.569 0.236 0.702 0.678 0.048 0.705 0.796 0.055 0.507 
29 0.184 0.349 0.733 0.530 0.764 0.643 0.221 0.604 0.633 0.060 0.446 0.809 0.042 0.393 
29 0.187 0.313 0.745 0.541 0.772 0.568 0.206 0.700 0.676 0.050 0.766 0.810 0.064 0.754 
29 0.255 0.343 0.709 0.541 0.684 0.610 0.222 0.673 0.694 0.056 0.702 0.791 0.064 0.658 
30 0.184 0.239 0.762 0.519 0.319 0.699 0.267 0.671 0.699 0.180 0.598 0.833 0.115 0.720 
30 0.205 0.308 0.701 0.613 0.112 0.879 0.370 0.708 0.715 0.254 0.614 0.850 0.108 0.800 
30 0.013 0.224 0.753 0.489 0.103 0.863 0.316 0.738 0.749 0.191 0.844 0.796 0.078 0.755 
30 0.182 0.230 0.710 0.561 0.126 0.855 0.345 0.765 0.737 0.226 0.725 0.833 0.086 0.857 
30 0.240 0.236 0.710 0.544 0.088 0.897 0.324 0.627 0.741 0.197 0.678 0.870 0.100 0.837 
30 0.265 0.272 0.667 0.586 0.158 0.887 0.307 0.731 0.747 0.248 0.747 0.878 0.160 0.867 
30 0.210 0.217 0.718 0.613 0.153 0.871 0.275 0.713 0.766 0.190 0.751 0.879 0.100 0.854 
30 0.222 0.215 0.709 0.605 0.097 0.897 0.369 0.716 0.725 0.235 0.695 0.852 0.098 0.810 
30 0.177 0.403 0.679 0.536 0.087 0.967 0.309 0.710 0.723 0.195 0.697 0.856 0.087 0.866 
30 0.146 0.217 0.761 0.508 0.093 0.885 0.303 0.721 0.743 0.187 0.728 0.865 0.080 0.884 
31 0.260 0.136 0.839 0.867 0.069 0.776 0.839 0.857 0.749 0.813 0.781 0.815 0.903 0.949 
31 0.232 0.212 0.752 0.950 0.085 0.786 0.836 0.884 0.776 0.833 0.903 0.831 0.973 0.938 
31 0.210 0.186 0.795 0.957 0.070 0.830 0.874 0.896 0.758 0.839 0.799 0.799 0.935 0.965 
31 0.275 0.141 0.735 1.000 0.059 0.790 0.929 0.859 0.741 0.947 0.837 0.760 0.857 0.821 
31 0.187 0.210 0.712 0.942 0.107 0.802 0.951 0.889 0.754 0.928 0.890 0.790 1.000 0.934 
31 0.270 0.207 0.699 0.828 0.125 0.833 0.705 0.861 0.786 0.766 0.904 0.826 0.893 0.961 
31 0.164 0.197 0.769 0.861 0.119 0.756 0.909 0.877 0.784 0.915 0.900 0.832 0.960 0.932 
31 0.220 0.153 0.796 0.873 0.113 0.780 0.888 0.883 0.768 0.880 0.897 0.818 0.910 0.910 
31 0.169 0.182 0.797 0.871 0.095 0.775 0.895 0.881 0.778 0.923 0.896 0.822 0.902 0.869 
31 0.220 0.154 0.752 0.906 0.093 0.745 0.896 0.839 0.762 0.918 0.859 0.754 0.898 0.952 
32 0.285 0.191 0.840 0.613 0.089 0.622 0.652 0.390 0.593 0.487 0.282 0.914 0.290 0.319 
32 0.318 0.153 0.817 0.699 0.063 0.637 0.715 0.390 0.597 0.630 0.269 0.819 0.334 0.224 
32 0.298 0.149 0.819 0.714 0.077 0.640 0.660 0.397 0.648 0.528 0.278 0.911 0.378 0.247 
32 0.217 0.240 0.827 0.704 0.092 0.654 0.631 0.370 0.605 0.514 0.252 0.892 0.276 0.200 
32 0.258 0.218 0.829 0.747 0.062 0.652 0.757 0.391 0.607 0.649 0.245 0.918 0.409 0.196 
32 0.227 0.250 0.855 0.686 0.084 0.624 0.647 0.346 0.601 0.465 0.225 0.881 0.269 0.196 
32 0.253 0.236 0.816 0.739 0.064 0.640 0.738 0.381 0.593 0.579 0.250 0.901 0.310 0.176 
32 0.285 0.216 0.843 0.641 0.061 0.626 0.670 0.358 0.599 0.517 0.226 0.850 0.283 0.179 
32 0.250 0.231 0.853 0.615 0.058 0.628 0.643 0.356 0.613 0.471 0.230 0.875 0.270 0.168 
32 0.258 0.230 0.833 0.673 0.071 0.611 0.703 0.328 0.595 0.522 0.244 0.817 0.271 0.174 
33 0.338 0.264 0.842 0.777 0.095 0.656 0.604 0.421 0.648 0.460 0.278 0.894 0.332 0.291 
33 0.381 0.221 0.758 0.686 0.092 0.648 0.510 0.406 0.676 0.349 0.299 0.884 0.196 0.298 
33 0.346 0.216 0.846 0.519 0.058 0.627 0.421 0.320 0.648 0.339 0.196 0.773 0.138 0.175 
33 0.351 0.212 0.860 0.311 0.097 0.615 0.244 0.250 0.631 0.187 0.184 0.741 0.041 0.188 
33 0.303 0.211 0.803 0.446 0.116 0.643 0.433 0.379 0.660 0.324 0.319 0.824 0.160 0.393 
33 0.311 0.224 0.804 0.435 0.057 0.638 0.419 0.288 0.642 0.337 0.197 0.892 0.115 0.178 
33 0.338 0.199 0.817 0.638 0.139 0.696 0.352 0.454 0.688 0.292 0.302 0.880 0.130 0.336 
33 0.280 0.215 0.836 0.613 0.079 0.640 0.549 0.358 0.670 0.383 0.244 0.849 0.196 0.331 
33 0.278 0.203 0.855 0.696 0.325 0.714 0.321 0.456 0.719 0.279 0.398 0.919 0.117 0.438 
33 0.273 0.210 0.846 0.696 0.217 0.737 0.327 0.464 0.707 0.289 0.352 0.896 0.117 0.390 
34 0.109 0.223 0.848 0.370 0.391 0.566 0.175 0.486 0.576 0.316 0.883 0.849 0.391 0.965 
34 0.116 0.338 0.778 0.327 0.391 0.543 0.403 0.463 0.573 0.253 0.936 0.850 0.228 0.889 
34 0.149 0.265 0.824 0.367 0.070 0.509 0.158 0.498 0.669 0.287 0.951 0.865 0.283 1.000 
34 0.116 0.221 0.858 0.182 0.100 0.431 0.172 0.392 0.521 0.430 0.739 0.837 0.248 0.886 
34 0.101 0.221 0.797 0.342 0.503 0.433 0.318 0.498 0.628 0.418 0.794 0.857 0.141 0.923 
34 0.111 0.279 0.818 0.273 0.515 0.332 0.109 0.496 0.653 0.486 0.823 0.848 0.215 0.934 
34 0.167 0.279 0.853 0.273 0.160 0.383 0.169 0.504 0.650 0.500 0.831 0.801 0.366 0.898 
34 0.149 0.223 0.871 0.256 0.157 0.438 0.169 0.465 0.665 0.481 0.835 0.802 0.264 0.875 
34 0.139 0.335 0.841 0.327 0.232 0.448 0.196 0.431 0.600 0.581 0.842 0.825 0.550 0.915 
34 0.174 0.310 0.831 0.218 0.117 0.335 0.083 0.488 0.616 0.176 0.848 0.847 0.104 0.916 
35 0.283 0.080 0.552 0.271 0.464 0.290 0.273 0.487 0.367 0.083 0.479 0.774 0.115 0.394 
35 0.316 0.061 0.530 0.400 0.357 0.624 0.246 0.461 0.649 0.185 0.467 0.827 0.028 0.437 
35 0.295 0.190 0.573 0.281 0.516 0.558 0.226 0.544 0.542 0.160 0.577 0.828 0.049 0.572 
35 0.293 0.139 0.571 0.362 0.281 0.651 0.164 0.461 0.643 0.280 0.347 0.749 0.084 0.459 
35 0.311 0.074 0.548 0.390 0.431 0.699 0.306 0.487 0.630 0.161 0.430 0.797 0.047 0.402 
35 0.285 0.218 0.564 0.352 0.407 0.644 0.278 0.506 0.575 0.109 0.502 0.824 0.100 0.435 
35 0.386 0.074 0.624 0.367 0.240 0.555 0.169 0.421 0.603 0.471 0.440 0.830 0.073 0.457 
35 0.270 0.158 0.497 0.380 0.438 0.697 0.187 0.485 0.608 0.191 0.454 0.794 0.075 0.476 
35 0.343 0.094 0.587 0.334 0.215 0.647 0.191 0.444 0.650 0.370 0.444 0.832 0.066 0.463 
35 0.301 0.066 0.508 0.362 0.227 0.669 0.237 0.452 0.530 0.241 0.361 0.819 0.043 0.456 
36 0.285 0.209 0.552 0.435 0.487 0.683 0.213 0.538 0.714 0.138 0.511 0.833 0.045 0.444 
36 0.253 0.241 0.559 0.385 0.595 0.663 0.140 0.640 0.716 0.133 0.601 0.844 0.053 0.500 
36 0.048 0.249 0.580 0.291 0.656 0.584 0.237 0.687 0.539 0.183 0.696 0.682 0.077 0.674 
36 0.263 0.233 0.596 0.425 0.517 0.619 0.177 0.535 0.657 0.164 0.476 0.827 0.035 0.434 
36 0.043 0.203 0.692 0.185 0.650 0.510 0.195 0.644 0.548 0.156 0.664 0.688 0.078 0.662 
36 0.258 0.233 0.675 0.339 0.543 0.541 0.128 0.520 0.728 0.159 0.456 0.821 0.029 0.480 
36 0.167 0.212 0.682 0.316 0.514 0.520 0.183 0.575 0.530 0.148 0.561 0.691 0.078 0.414 
36 0.073 0.251 0.599 0.253 0.681 0.615 0.263 0.690 0.530 0.136 0.675 0.684 0.051 0.667 
36 0.210 0.218 0.614 0.461 0.483 0.761 0.142 0.554 0.712 0.143 0.525 0.810 0.029 0.449 
36 0.086 0.212 0.709 0.271 0.592 0.471 0.171 0.528 0.511 0.147 0.518 0.664 0.088 0.534 
37 0.247 0.093 0.079 0.296 0.359 0.516 0.210 0.143 0.294 0.143 0.146 0.690 0.077 0.154 
37 0.230 0.116 0.007 0.294 0.354 0.545 0.207 0.214 0.334 0.126 0.140 0.752 0.087 0.176 
37 0.119 0.047 0.049 0.286 0.324 0.511 0.166 0.230 0.354 0.091 0.141 0.770 0.076 0.206 
37 0.308 0.109 0.056 0.243 0.358 0.572 0.181 0.264 0.321 0.132 0.143 0.739 0.107 0.234 
37 0.191 0.087 0.109 0.258 0.219 0.281 0.093 0.171 0.272 0.118 0.137 0.701 0.127 0.194 
37 0.094 0.059 0.074 0.301 0.298 0.388 0.178 0.197 0.249 0.129 0.132 0.640 0.110 0.200 
37 0.139 0.069 0.112 0.213 0.191 0.534 0.139 0.254 0.463 0.286 0.137 0.730 0.184 0.268 
37 0.323 0.142 0.032 0.314 0.250 0.329 0.162 0.222 0.328 0.098 0.129 0.711 0.098 0.200 
37 0.129 0.063 0.029 0.284 0.204 0.550 0.210 0.245 0.287 0.143 0.131 0.735 0.113 0.251 
37 0.243 0.105 0.071 0.197 0.208 0.579 0.132 0.270 0.422 0.224 0.140 0.730 0.120 0.267 
38 0.191 0.206 0.746 0.403 0.595 0.630 0.290 0.500 0.682 0.201 0.291 0.717 0.074 0.296 
38 0.226 0.221 0.786 0.256 0.630 0.414 0.183 0.294 0.385 0.132 0.117 0.759 0.119 0.150 
38 0.166 0.240 0.700 0.294 0.736 0.546 0.185 0.400 0.609 0.164 0.200 0.699 0.040 0.252 
38 0.258 0.228 0.731 0.306 0.559 0.543 0.239 0.487 0.587 0.167 0.236 0.718 0.047 0.199 
38 0.199 0.252 0.697 0.258 0.701 0.501 0.263 0.505 0.564 0.205 0.245 0.691 0.076 0.296 
38 0.221 0.222 0.706 0.299 0.704 0.449 0.236 0.504 0.471 0.182 0.240 0.732 0.060 0.274 
38 0.151 0.252 0.680 0.261 0.733 0.475 0.236 0.528 0.444 0.180 0.266 0.748 0.075 0.290 
38 0.223 0.209 0.713 0.309 0.757 0.530 0.253 0.433 0.637 0.222 0.243 0.691 0.067 0.270 
38 0.196 0.227 0.691 0.306 0.793 0.492 0.221 0.418 0.611 0.156 0.238 0.693 0.059 0.290 
38 0.166 0.307 0.676 0.357 0.786 0.532 0.225 0.529 0.581 0.158 0.316 0.723 0.041 0.337 
39 0.377 0.200 0.520 0.354 0.385 0.685 0.282 0.333 0.518 0.437 0.843 0.856 0.499 0.886 
39 0.330 0.184 0.076 0.278 0.218 0.783 0.254 0.358 0.309 0.507 0.489 0.819 0.584 0.898 
39 0.310 0.168 0.065 0.337 0.304 0.772 0.269 0.338 0.389 0.523 0.650 0.847 0.572 0.895 
39 0.226 0.157 0.099 0.420 0.325 0.700 0.249 0.303 0.420 0.482 0.697 0.840 0.480 0.880 
39 0.335 0.189 0.046 0.316 0.373 0.755 0.237 0.339 0.508 0.344 0.860 0.826 0.390 0.850 
39 0.342 0.209 0.087 0.380 0.421 0.683 0.283 0.313 0.568 0.386 0.755 0.827 0.417 0.842 
39 0.372 0.202 0.304 0.246 0.315 0.774 0.212 0.344 0.486 0.340 0.816 0.829 0.318 0.797 
39 0.333 0.197 0.101 0.359 0.414 0.686 0.262 0.342 0.529 0.497 0.741 0.841 0.552 0.852 
39 0.285 0.176 0.080 0.428 0.424 0.672 0.284 0.341 0.493 0.492 0.723 0.824 0.416 0.775 
39 0.357 0.148 0.408 0.380 0.384 0.751 0.267 0.349 0.507 0.420 0.466 0.840 0.382 0.829 
40 0.231 0.156 0.283 0.458 0.122 0.648 0.836 0.345 0.546 0.307 0.143 0.729 0.152 0.331 
40 0.258 0.162 0.073 0.332 0.213 0.371 0.496 0.328 0.556 0.541 0.432 0.732 0.368 0.296 
40 0.320 0.148 0.221 0.354 0.180 0.454 0.667 0.268 0.480 0.372 0.169 0.739 0.097 0.291 
40 0.256 0.159 0.036 0.354 0.184 0.481 0.599 0.276 0.479 0.340 0.150 0.740 0.055 0.265 
40 0.166 0.145 0.080 0.357 0.126 0.601 0.472 0.319 0.556 0.312 0.397 0.742 0.053 0.299 
40 0.151 0.151 0.121 0.410 0.149 0.625 0.569 0.345 0.518 0.330 0.144 0.758 0.091 0.284 
40 0.206 0.115 0.133 0.673 0.104 0.633 0.696 0.274 0.403 0.305 0.142 0.742 0.154 0.268 
40 0.189 0.147 0.101 0.418 0.150 0.587 0.582 0.265 0.542 0.249 0.135 0.742 0.113 0.271 
40 0.295 0.146 0.152 0.359 0.151 0.500 0.619 0.257 0.501 0.401 0.137 0.755 0.085 0.267 
40 0.206 0.105 0.145 0.658 0.093 0.543 0.443 0.306 0.278 0.234 0.161 0.791 0.104 0.241 
41 0.233 0.221 0.743 0.552 0.135 0.746 0.213 0.679 0.764 0.119 0.526 0.728 0.045 0.284 
41 0.293 0.188 0.686 0.347 0.133 0.626 0.179 0.483 0.657 0.140 0.199 0.766 0.054 0.169 
41 0.288 0.216 0.728 0.468 0.087 0.793 0.320 0.743 0.742 0.225 0.251 0.734 0.043 0.210 
41 0.221 0.226 0.739 0.501 0.124 0.796 0.250 0.756 0.786 0.301 0.197 0.716 0.074 0.204 
41 0.270 0.223 0.713 0.491 0.129 0.774 0.278 0.855 0.731 0.202 0.302 0.754 0.086 0.207 
41 0.246 0.210 0.755 0.575 0.214 0.663 0.299 0.812 0.764 0.219 0.377 0.778 0.060 0.188 
41 0.298 0.216 0.732 0.471 0.111 0.791 0.338 0.851 0.753 0.217 0.400 0.750 0.057 0.169 
41 0.362 0.206 0.752 0.562 0.120 0.662 0.322 0.585 0.783 0.295 0.452 0.738 0.069 0.174 
41 0.211 0.211 0.731 0.481 0.128 0.765 0.324 0.897 0.728 0.212 0.278 0.782 0.078 0.132 
41 0.256 0.207 0.707 0.435 0.096 0.733 0.275 0.828 0.703 0.252 0.228 0.757 0.058 0.219 
