0.232 0.376 0.995 0.311 0.924 0.550 0.492 0.270 0.644 0.945 0.946 0.701 0.864 0.936 0 0
0.232 0.365 0.852 0.505 0.940 0.494 0.745 0.337 0.650 0.997 0.949 0.903 0.925 0.904 0 0
0.234 0.276 0.841 0.592 1.000 0.599 0.755 0.339 0.666 1.000 0.862 0.910 0.825 0.879 0 0
0.171 0.179 0.855 0.439 0.944 0.528 0.752 0.344 0.682 0.917 0.894 0.944 0.824 0.918 0 0
0.200 0.358 0.849 0.521 0.968 0.653 0.653 0.299 0.638 0.945 0.927 0.931 0.813 0.921 0 0
0.189 0.292 0.862 0.512 0.941 0.567 0.660 0.324 0.664 0.961 0.965 0.944 0.768 0.932 0 0
0.262 0.416 0.749 0.559 0.948 0.597 0.524 0.342 0.678 0.881 1.000 0.882 0.833 0.958 0 0
0.221 0.303 0.808 0.498 0.928 0.621 0.467 0.276 0.530 0.937 0.917 0.965 0.790 0.907 0 0
0.195 0.349 0.834 0.568 0.926 0.526 0.602 0.362 0.619 0.943 0.899 0.938 0.808 0.923 0 0
0.325 0.420 0.868 0.462 0.908 0.595 0.651 0.370 0.662 0.958 0.874 0.940 0.813 0.910 0 0
0.000 0.253 0.494 0.585 0.947 0.681 0.965 0.993 0.767 0.580 0.995 0.523 0.897 0.926 1 1
0.002 0.214 0.123 0.674 0.947 0.685 1.000 0.991 0.870 0.746 0.950 0.215 0.887 0.925 1 1
0.122 0.144 0.261 0.601 0.972 0.659 0.929 0.939 0.802 0.622 0.990 0.114 0.751 0.904 1 1
0.117 0.185 0.354 0.798 0.929 0.688 0.977 0.962 0.794 0.628 0.934 0.369 0.850 0.936 1 1
0.103 0.193 0.407 0.755 0.890 0.688 0.984 0.917 0.781 0.516 0.980 0.510 0.763 0.897 1 1
0.098 0.187 0.213 0.947 0.918 0.758 1.000 0.918 0.826 0.649 0.920 0.591 0.865 0.939 1 1
0.146 0.174 0.479 0.701 0.933 0.696 0.960 0.995 0.856 0.685 0.934 0.275 0.825 0.933 1 1
0.120 0.177 0.282 0.903 0.920 0.669 0.932 0.943 0.844 0.542 0.930 0.490 0.786 0.955 1 1
0.100 0.203 0.302 0.915 0.922 0.760 0.949 0.954 0.822 0.559 0.932 0.497 0.791 0.943 1 1
0.133 0.182 0.487 0.575 0.934 0.692 0.946 0.997 0.832 0.650 0.948 0.188 0.793 0.943 1 1
0.236 0.556 0.350 0.317 0.416 0.653 0.078 0.543 0.646 0.101 0.524 0.725 0.036 0.547 2 2
0.272 0.165 0.305 0.382 0.366 0.690 0.223 0.681 0.694 0.176 0.545 0.698 0.048 0.744 2 2
0.307 0.418 0.277 0.278 0.573 0.605 0.073 0.691 0.688 0.120 0.624 0.967 0.076 0.573 2 2
0.240 0.455 0.221 0.320 0.549 0.796 0.095 0.550 0.662 0.099 0.636 0.840 0.066 0.513 2 2
0.262 0.582 0.291 0.345 0.483 0.740 0.130 0.537 0.656 0.098 0.543 0.833 0.071 0.390 2 2
0.229 0.604 0.259 0.260 0.561 0.776 0.070 0.574 0.678 0.095 0.562 0.980 0.053 0.458 2 2
0.287 0.526 0.305 0.246 0.812 0.794 0.084 0.671 0.682 0.072 0.575 0.953 0.058 0.562 2 2
0.297 0.518 0.293 0.338 0.236 0.784 0.111 0.498 0.678 0.095 0.521 0.909 0.061 0.413 2 2
0.383 0.238 0.352 0.333 0.142 0.595 0.070 0.482 0.607 0.139 0.378 0.882 0.051 0.396 2 2
0.368 0.243 0.324 0.301 0.244 0.617 0.086 0.532 0.658 0.097 0.469 0.783 0.048 0.518 2 2
0.390 0.273 0.847 0.147 0.064 0.478 0.047 0.246 0.563 0.032 0.183 0.205 0.022 0.250 3 3
0.262 0.235 0.785 0.028 0.108 0.466 0.116 0.253 0.559 0.141 0.231 0.161 0.039 0.281 3 3
0.318 0.244 0.729 0.049 0.100 0.393 0.097 0.292 0.547 0.331 0.239 0.174 0.066 0.268 3 3
0.283 0.249 0.794 0.121 0.111 0.460 0.090 0.211 0.538 0.190 0.232 0.099 0.075 0.278 3 3
0.283 0.228 0.769 0.195 0.090 0.510 0.146 0.215 0.563 0.099 0.232 0.174 0.060 0.226 3 3
0.366 0.245 0.745 0.172 0.081 0.391 0.161 0.149 0.530 0.101 0.226 0.006 0.079 0.234 3 3
0.317 0.227 0.725 0.110 0.074 0.419 0.196 0.178 0.551 0.132 0.235 0.177 0.073 0.241 3 3
0.320 0.232 0.697 0.145 0.079 0.387 0.167 0.149 0.545 0.173 0.238 0.140 0.080 0.287 3 3
0.308 0.232 0.674 0.134 0.088 0.411 0.147 0.243 0.567 0.279 0.248 0.213 0.055 0.268 3 3
0.301 0.229 0.693 0.168 0.075 0.496 0.147 0.177 0.557 0.123 0.234 0.146 0.089 0.236 3 3
0.423 0.219 0.828 0.492 0.812 0.567 0.697 0.790 0.915 0.631 0.845 0.915 0.863 0.883 4 4
0.419 0.203 0.876 0.489 0.801 0.657 0.596 0.897 0.919 0.572 0.944 0.824 0.880 0.923 4 4
0.523 0.219 0.829 0.493 0.719 0.722 0.681 0.850 0.951 0.525 0.980 0.691 0.855 0.925 4 4
0.553 0.218 0.829 0.489 0.694 0.796 0.717 0.871 0.974 0.626 0.987 0.752 0.882 0.924 4 4
0.375 0.247 0.919 0.584 0.515 0.730 0.644 0.959 0.941 0.558 0.994 0.721 0.818 0.944 4 4
0.549 0.222 0.805 0.478 0.781 0.786 0.655 0.884 0.927 0.633 0.966 0.800 0.860 0.927 4 4
0.475 0.206 0.800 0.493 0.631 0.718 0.771 0.793 0.923 0.727 0.891 0.879 0.829 0.910 4 4
0.444 0.246 0.829 0.518 0.782 0.655 0.650 0.884 0.951 0.687 0.952 0.824 0.786 0.953 4 4
0.464 0.230 0.797 0.558 0.476 0.667 0.777 0.836 0.893 0.730 0.926 0.891 0.813 0.919 4 4
0.430 0.242 0.872 0.516 0.695 0.601 0.595 0.835 0.968 0.521 0.964 0.776 0.801 0.957 4 4
0.270 0.228 0.879 0.317 0.840 0.700 0.207 0.313 0.626 0.162 0.236 0.400 0.149 0.280 5 5
0.243 0.203 0.881 0.352 0.800 0.685 0.187 0.228 0.601 0.143 0.204 0.321 0.128 0.237 5 5
0.236 0.218 0.959 0.289 0.728 0.520 0.196 0.213 0.565 0.124 0.157 0.442 0.121 0.131 5 5
0.219 0.202 0.960 0.361 0.765 0.540 0.274 0.232 0.623 0.191 0.118 0.491 0.132 0.076 5 5
0.190 0.156 0.972 0.298 0.691 0.480 0.255 0.160 0.589 0.146 0.096 0.515 0.125 0.063 5 5
0.215 0.145 0.997 0.354 0.507 0.524 0.243 0.203 0.593 0.138 0.114 0.442 0.111 0.051 5 5
0.208 0.130 1.000 0.431 0.452 0.534 0.268 0.172 0.591 0.197 0.094 0.473 0.127 0.037 5 5
0.260 0.200 0.954 0.335 0.678 0.611 0.249 0.179 0.595 0.139 0.082 0.442 0.115 0.033 5 5
0.236 0.146 0.999 0.295 0.564 0.573 0.255 0.120 0.482 0.136 0.068 0.333 0.100 0.016 5 5
0.273 0.136 0.963 0.278 0.462 0.504 0.257 0.111 0.506 0.125 0.078 0.364 0.096 0.008 5 5
0.468 0.452 0.537 0.698 0.917 1.000 0.805 0.832 0.747 0.466 0.933 0.503 0.681 0.986 6 4
0.465 0.247 0.627 0.779 0.977 0.810 0.883 0.876 0.881 0.534 0.914 0.788 0.826 0.932 6 4
0.454 0.388 0.582 0.790 0.986 0.835 0.900 0.884 0.838 0.527 0.916 0.812 0.776 0.885 6 4
0.454 0.388 0.582 0.790 0.986 0.835 0.900 0.884 0.838 0.527 0.916 0.812 0.776 0.885 6 4
0.454 0.388 0.582 0.790 0.986 0.835 0.900 0.884 0.838 0.527 0.916 0.812 0.776 0.885 6 4
0.468 0.220 0.600 0.829 0.995 0.839 0.931 0.901 0.943 0.618 0.933 0.842 0.864 0.926 6 4
0.563 0.666 0.654 0.779 0.943 0.911 0.931 0.902 0.858 0.568 0.916 0.770 0.814 0.913 6 4
0.450 0.747 0.631 0.766 0.914 0.895 0.905 0.913 0.905 0.581 0.937 0.830 0.832 0.942 6 4
0.665 0.589 0.738 0.770 0.926 0.843 0.925 0.897 0.893 0.539 0.926 0.806 0.809 0.928 6 4
0.492 0.594 0.609 0.814 0.922 0.886 0.954 0.921 0.949 0.662 0.948 0.848 0.886 0.908 6 4
0.151 0.554 0.303 0.112 0.526 0.723 0.161 0.307 0.601 0.298 0.144 0.431 0.050 0.128 7 5
0.314 0.211 0.394 0.267 0.654 0.831 0.206 0.339 0.609 0.210 0.187 0.473 0.024 0.114 7 5
0.281 0.195 0.326 0.199 0.643 0.748 0.172 0.336 0.577 0.264 0.223 0.497 0.064 0.175 7 5
0.419 0.298 0.491 0.190 0.710 0.275 0.085 0.296 0.437 0.068 0.231 0.593 0.108 0.157 7 5
0.293 0.087 0.271 0.265 0.521 0.729 0.193 0.345 0.543 0.157 0.202 0.341 0.074 0.183 7 5
0.289 0.133 0.323 0.304 0.804 0.893 0.168 0.325 0.581 0.142 0.189 0.269 0.027 0.185 7 5
0.250 0.110 0.252 0.206 0.300 0.593 0.196 0.346 0.496 0.305 0.259 0.467 0.119 0.165 7 5
0.320 0.195 0.361 0.136 0.357 0.527 0.086 0.188 0.496 0.061 0.167 0.132 0.038 0.189 7 5
0.257 0.187 0.289 0.291 0.702 0.709 0.091 0.332 0.547 0.103 0.177 0.216 0.044 0.152 7 5
0.219 0.073 0.229 0.276 0.298 0.690 0.083 0.344 0.585 0.070 0.215 0.036 0.067 0.242 7 5
0.440 0.309 0.652 0.663 0.906 0.769 0.665 0.796 0.713 0.449 0.967 0.240 0.299 0.145 8 6
0.826 0.642 0.706 0.611 0.992 0.717 0.613 0.935 0.702 0.468 0.999 0.347 0.302 0.037 8 6
0.826 0.642 0.706 0.611 0.992 0.717 0.613 0.935 0.702 0.468 0.999 0.347 0.302 0.037 8 6
0.570 0.523 0.582 0.746 0.994 0.744 0.713 0.856 0.769 0.468 0.982 0.347 0.293 0.089 8 6
0.570 0.523 0.582 0.746 0.994 0.744 0.713 0.856 0.769 0.468 0.982 0.347 0.293 0.089 8 6
0.563 0.479 0.644 0.720 0.959 0.746 0.719 0.927 0.828 0.468 0.997 0.287 0.272 0.247 8 6
0.563 0.479 0.644 0.720 0.959 0.746 0.719 0.927 0.828 0.468 0.997 0.287 0.272 0.247 8 6
0.590 0.501 0.633 0.731 0.953 0.727 0.742 0.920 0.812 0.484 0.988 0.257 0.273 0.145 8 6
0.539 0.505 0.642 0.766 0.931 0.798 0.833 0.889 0.852 0.520 0.992 0.317 0.295 0.086 8 6
0.537 0.517 0.619 0.761 0.937 0.760 0.747 0.920 0.840 0.460 0.998 0.234 0.281 0.110 8 6
0.184 0.096 0.744 0.309 0.182 0.554 0.154 0.144 0.538 0.160 0.325 0.126 0.058 0.167 9 3
0.315 0.183 0.461 0.287 0.130 0.525 0.099 0.171 0.538 0.073 0.271 0.102 0.048 0.235 9 3
0.250 0.112 0.310 0.313 0.158 0.616 0.117 0.181 0.534 0.114 0.292 0.359 0.043 0.225 9 3
0.249 0.134 0.361 0.298 0.142 0.548 0.109 0.287 0.532 0.156 0.306 0.281 0.108 0.344 9 3
0.273 0.174 0.472 0.271 0.086 0.481 0.099 0.188 0.549 0.065 0.242 0.120 0.056 0.313 9 3
0.339 0.194 0.393 0.322 0.129 0.543 0.099 0.268 0.549 0.079 0.308 0.275 0.025 0.283 9 3
0.226 0.093 0.305 0.232 0.064 0.498 0.113 0.164 0.540 0.100 0.275 0.210 0.029 0.277 9 3
0.412 0.272 0.438 0.245 0.092 0.552 0.130 0.192 0.557 0.106 0.285 0.281 0.046 0.270 9 3
0.388 0.256 0.464 0.291 0.134 0.595 0.108 0.244 0.549 0.088 0.308 0.503 0.039 0.263 9 3
0.393 0.255 0.424 0.263 0.109 0.516 0.090 0.326 0.547 0.099 0.310 0.389 0.093 0.368 9 3
0.349 0.217 0.463 0.571 0.068 0.672 0.708 0.871 0.773 0.628 0.906 0.455 0.582 0.944 10 7
0.218 0.111 0.126 0.567 0.119 0.645 0.740 0.931 0.893 0.804 0.901 0.778 0.723 0.914 10 7
0.218 0.107 0.130 0.567 0.162 0.672 0.778 0.917 0.883 0.823 0.898 0.760 0.725 0.912 10 7
0.219 0.117 0.147 0.567 0.148 0.734 0.756 0.917 0.881 0.776 0.901 0.707 0.696 0.914 10 7
0.071 0.188 0.087 0.549 0.155 0.760 0.777 0.917 0.858 0.768 0.896 0.707 0.701 0.917 10 7
0.262 0.323 0.549 0.551 0.112 0.833 0.585 0.982 0.800 0.530 0.913 0.665 0.421 0.957 10 7
0.200 0.105 0.256 0.558 0.065 0.851 0.592 0.990 0.810 0.528 0.907 0.689 0.435 0.963 10 7
0.202 0.089 0.273 0.565 0.131 0.771 0.712 0.945 0.814 0.644 0.903 0.647 0.573 0.927 10 7
0.182 0.052 0.281 0.575 0.094 0.845 0.739 0.942 0.779 0.670 0.905 0.629 0.631 0.917 10 7
0.182 0.052 0.281 0.575 0.094 0.845 0.739 0.942 0.779 0.670 0.905 0.629 0.631 0.917 10 7
0.214 0.279 0.713 0.258 0.002 0.201 0.121 0.073 0.144 0.252 0.193 0.702 0.268 0.815 11 8
0.704 0.599 0.975 0.315 0.086 0.242 0.162 0.199 0.537 0.288 0.282 0.793 0.311 0.830 11 8
0.279 0.312 0.672 0.322 0.098 0.102 0.222 0.129 0.091 0.237 0.242 0.606 0.277 0.794 11 8
0.247 0.291 0.644 0.346 0.095 0.125 0.190 0.132 0.135 0.216 0.269 0.351 0.280 0.812 11 8
0.630 0.762 0.794 0.387 0.104 0.292 0.130 0.169 0.232 0.350 0.316 0.764 0.391 0.908 11 8
0.276 0.718 0.588 0.376 0.122 0.336 0.088 0.259 0.266 0.250 0.279 0.549 0.313 0.888 11 8
0.394 0.469 0.710 0.311 0.089 0.216 0.119 0.238 0.308 0.258 0.317 0.728 0.310 0.832 11 8
0.316 0.579 0.648 0.363 0.114 0.289 0.103 0.286 0.271 0.261 0.263 0.732 0.314 0.851 11 8
0.367 0.704 0.673 0.370 0.086 0.292 0.123 0.270 0.317 0.266 0.238 0.557 0.369 0.881 11 8
0.353 0.345 0.678 0.280 0.084 0.211 0.200 0.210 0.123 0.187 0.270 0.660 0.290 0.823 11 8
0.540 0.428 0.689 0.595 0.065 0.440 0.223 0.271 0.583 0.482 0.913 0.762 0.569 0.788 12 8
0.477 0.408 0.538 0.551 0.120 0.453 0.284 0.272 0.731 0.600 0.946 0.732 0.575 0.851 12 8
0.432 0.376 0.524 0.565 0.160 0.490 0.251 0.292 0.708 0.556 0.928 0.728 0.526 0.845 12 8
0.447 0.578 0.652 0.562 0.121 0.447 0.327 0.446 0.761 0.504 0.954 0.719 0.623 0.900 12 8
0.403 0.330 0.549 0.582 0.140 0.455 0.244 0.323 0.731 0.478 0.932 0.762 0.531 0.852 12 8
0.449 0.336 0.713 0.551 0.133 0.402 0.253 0.365 0.800 0.400 0.945 0.728 0.515 0.894 12 8
0.415 0.386 0.584 0.569 0.141 0.417 0.246 0.336 0.768 0.457 0.930 0.757 0.579 0.845 12 8
0.399 0.373 0.548 0.602 0.120 0.449 0.229 0.358 0.725 0.463 0.923 0.715 0.567 0.832 12 8
0.371 0.332 0.586 0.580 0.167 0.422 0.223 0.339 0.740 0.442 0.919 0.732 0.572 0.837 12 8
0.368 0.530 0.599 0.580 0.162 0.425 0.220 0.339 0.725 0.459 0.919 0.766 0.558 0.835 12 8
0.258 0.397 0.490 0.554 0.861 0.789 0.306 0.344 0.583 0.273 0.279 0.719 0.230 0.268 13 8
0.195 0.583 0.560 0.433 0.871 0.498 0.170 0.158 0.594 0.165 0.187 0.289 0.194 0.328 13 8
0.195 0.583 0.560 0.433 0.871 0.498 0.170 0.158 0.594 0.165 0.187 0.289 0.194 0.328 13 8
0.195 0.583 0.560 0.433 0.871 0.498 0.170 0.158 0.594 0.165 0.187 0.289 0.194 0.328 13 8
0.195 0.583 0.560 0.433 0.871 0.498 0.170 0.158 0.594 0.165 0.187 0.289 0.194 0.328 13 8
0.223 0.596 0.619 0.381 0.849 0.501 0.191 0.310 0.611 0.210 0.235 0.464 0.198 0.335 13 8
0.124 0.659 0.540 0.508 0.562 0.485 0.309 0.321 0.638 0.316 0.177 0.745 0.209 0.225 13 8
0.135 0.356 0.700 0.488 0.793 0.638 0.198 0.371 0.631 0.157 0.206 0.600 0.229 0.233 13 8
0.121 0.671 0.622 0.475 0.789 0.565 0.237 0.380 0.645 0.242 0.211 0.528 0.230 0.258 13 8
0.117 0.655 0.713 0.427 0.835 0.477 0.233 0.345 0.627 0.257 0.207 0.455 0.234 0.284 13 8
0.200 0.216 0.489 0.116 0.626 0.664 0.065 0.391 0.661 0.061 0.439 0.574 0.042 0.800 14 5
0.310 0.203 0.417 0.309 0.818 0.798 0.197 0.385 0.795 0.013 0.895 0.779 0.029 0.888 14 5
0.326 0.189 0.405 0.265 0.747 0.795 0.192 0.361 0.881 0.008 0.941 0.779 0.026 0.876 14 5
0.195 0.052 0.239 0.317 0.797 0.722 0.175 0.350 0.774 0.051 0.911 0.528 0.046 0.897 14 5
0.152 0.260 0.003 0.335 0.344 0.661 0.243 0.369 0.783 0.143 0.966 0.523 0.030 0.855 14 5
0.125 0.016 0.219 0.284 0.646 0.667 0.190 0.352 0.809 0.020 0.975 0.468 0.039 0.850 14 5
0.118 0.010 0.292 0.254 0.675 0.641 0.216 0.372 0.920 0.044 0.977 0.672 0.023 0.889 14 5
0.118 0.010 0.292 0.254 0.675 0.641 0.216 0.372 0.920 0.044 0.977 0.672 0.023 0.889 14 5
0.118 0.010 0.292 0.254 0.675 0.641 0.216 0.372 0.920 0.044 0.977 0.672 0.023 0.889 14 5
0.118 0.010 0.292 0.254 0.675 0.641 0.216 0.372 0.920 0.044 0.977 0.672 0.023 0.889 14 5
0.968 0.777 0.996 0.694 0.745 0.632 0.550 0.644 0.756 0.368 0.859 0.804 0.442 0.873 15 4
0.991 0.532 0.948 0.722 0.752 0.641 0.593 0.610 0.822 0.432 0.850 0.783 0.492 0.904 15 4
0.996 0.730 0.960 0.729 0.795 0.701 0.575 0.711 0.791 0.388 0.852 0.783 0.438 0.925 15 4
0.992 1.000 0.939 0.737 0.750 0.664 0.585 0.634 0.804 0.422 0.859 0.779 0.473 0.935 15 4
0.957 0.990 0.988 0.685 0.738 0.628 0.545 0.653 0.743 0.399 0.835 0.762 0.384 0.898 15 4
0.999 0.957 0.925 0.781 0.781 0.727 0.663 0.693 0.824 0.478 0.839 0.787 0.505 0.909 15 4
0.909 0.900 0.987 0.748 0.784 0.672 0.583 0.701 0.809 0.421 0.823 0.774 0.393 0.862 15 4
0.902 0.508 0.982 0.694 0.769 0.659 0.495 0.636 0.745 0.346 0.785 0.660 0.282 0.882 15 4
0.894 0.738 0.987 0.681 0.792 0.661 0.518 0.682 0.759 0.384 0.795 0.766 0.347 0.877 15 4
0.954 0.811 0.926 0.744 0.761 0.680 0.645 0.693 0.815 0.481 0.827 0.804 0.462 0.802 15 4
0.237 0.242 0.208 0.245 0.106 0.614 0.786 0.879 0.841 0.806 0.841 0.557 0.765 0.866 16 7
0.216 0.224 0.241 0.230 0.059 0.635 0.727 0.909 0.840 0.745 0.932 0.515 0.821 0.885 16 7
0.211 0.208 0.176 0.186 0.048 0.578 0.707 0.891 0.793 0.814 0.897 0.549 0.838 0.880 16 7
0.195 0.208 0.223 0.197 0.040 0.645 0.692 0.909 0.856 0.778 0.907 0.579 0.807 0.851 16 7
0.118 0.150 0.064 0.249 0.053 0.690 0.682 0.903 0.831 0.815 0.929 0.498 0.813 0.848 16 7
0.089 0.145 0.079 0.293 0.060 0.733 0.678 0.914 0.847 0.818 0.938 0.481 0.831 0.845 16 7
0.142 0.156 0.095 0.282 0.050 0.714 0.681 0.907 0.834 0.824 0.933 0.536 0.820 0.856 16 7
0.133 0.140 0.048 0.280 0.050 0.721 0.685 0.913 0.847 0.827 0.938 0.515 0.825 0.852 16 7
0.142 0.166 0.057 0.263 0.043 0.732 0.688 0.925 0.841 0.829 0.941 0.523 0.835 0.860 16 7
0.227 0.191 0.254 0.223 0.034 0.680 0.738 0.913 0.861 0.834 0.914 0.647 0.823 0.860 16 7
0.284 0.150 0.943 0.538 0.025 0.478 0.507 0.263 0.647 0.868 0.875 0.800 0.689 0.889 17 9
0.325 0.197 0.916 0.481 0.003 0.507 0.432 0.252 0.567 0.871 0.865 0.817 0.695 0.842 17 9
0.263 0.112 0.938 0.505 0.026 0.502 0.494 0.238 0.665 0.814 0.914 0.800 0.657 0.864 17 9
0.288 0.160 0.933 0.556 0.049 0.486 0.390 0.155 0.406 0.755 0.845 0.562 0.615 0.834 17 9
0.422 0.194 0.931 0.481 0.022 0.443 0.418 0.110 0.540 0.765 0.827 0.787 0.636 0.822 17 9
0.297 0.169 0.948 0.523 0.014 0.538 0.498 0.138 0.579 0.796 0.876 0.779 0.658 0.837 17 9
0.371 0.187 0.930 0.556 0.012 0.544 0.459 0.191 0.592 0.783 0.871 0.762 0.659 0.848 17 9
0.365 0.188 0.916 0.584 0.029 0.558 0.451 0.145 0.545 0.846 0.813 0.796 0.662 0.838 17 9
0.345 0.158 0.922 0.578 0.016 0.578 0.419 0.201 0.556 0.742 0.819 0.677 0.626 0.838 17 9
0.377 0.175 0.916 0.678 0.019 0.596 0.508 0.189 0.627 0.836 0.843 0.800 0.656 0.844 17 9
0.292 0.153 0.933 0.600 0.040 0.092 0.617 0.133 0.660 0.869 0.773 0.821 0.614 0.776 18 9
0.312 0.165 0.923 0.508 0.022 0.185 0.596 0.053 0.576 0.870 0.792 0.804 0.691 0.798 18 9
0.303 0.159 0.910 0.584 0.039 0.257 0.667 0.137 0.611 0.867 0.817 0.783 0.697 0.752 18 9
0.306 0.148 0.929 0.543 0.041 0.233 0.596 0.093 0.590 0.908 0.798 0.809 0.738 0.827 18 9
0.314 0.154 0.947 0.538 0.056 0.125 0.649 0.109 0.635 0.920 0.791 0.809 0.759 0.827 18 9
0.308 0.164 0.937 0.540 0.037 0.224 0.626 0.101 0.599 0.903 0.785 0.787 0.724 0.823 18 9
0.263 0.135 0.926 0.510 0.026 0.395 0.625 0.138 0.563 0.913 0.790 0.787 0.721 0.849 18 9
0.273 0.138 0.934 0.451 0.056 0.075 0.665 0.029 0.501 0.850 0.696 0.791 0.673 0.559 18 9
0.279 0.162 0.949 0.565 0.043 0.133 0.633 0.101 0.581 0.850 0.738 0.770 0.643 0.680 18 9
0.277 0.147 0.950 0.501 0.055 0.175 0.632 0.059 0.556 0.893 0.773 0.809 0.732 0.817 18 9
0.494 0.294 0.965 0.451 0.048 0.723 0.204 0.353 0.750 0.233 0.981 0.651 0.251 0.934 19 9
0.549 0.284 0.921 0.453 0.070 0.755 0.196 0.362 0.658 0.308 1.000 0.672 0.364 0.916 19 9
0.483 0.219 0.973 0.420 0.074 0.695 0.130 0.353 0.747 0.131 0.953 0.604 0.160 0.962 19 9
0.398 0.245 0.862 0.475 0.074 0.571 0.229 0.128 0.708 0.316 0.921 0.766 0.285 0.863 19 9
0.489 0.368 0.857 0.470 0.075 0.704 0.207 0.357 0.761 0.325 0.962 0.689 0.395 0.873 19 9
0.490 0.226 0.933 0.433 0.087 0.675 0.174 0.359 0.740 0.202 0.944 0.651 0.257 0.900 19 9
0.490 0.226 0.933 0.433 0.087 0.675 0.174 0.359 0.740 0.202 0.944 0.651 0.257 0.900 19 9
0.604 0.503 0.911 0.457 0.044 0.622 0.260 0.148 0.790 0.356 0.964 0.702 0.425 0.885 19 9
0.559 0.590 0.889 0.431 0.087 0.703 0.157 0.362 0.724 0.279 0.980 0.562 0.390 0.962 19 9
0.561 0.640 0.901 0.521 0.069 0.616 0.269 0.298 0.758 0.295 0.934 0.574 0.326 0.948 19 9
0.265 0.669 0.777 0.153 0.686 0.479 0.450 0.898 0.848 0.283 0.838 0.774 0.216 0.987 20 10
0.417 0.664 0.523 0.350 0.420 0.656 0.619 0.797 0.818 0.386 0.820 0.838 0.303 0.988 20 10
0.542 0.649 0.500 0.322 0.637 0.522 0.609 0.799 0.831 0.389 0.855 0.804 0.318 0.990 20 10
0.425 0.666 0.551 0.435 0.450 0.647 0.437 0.744 0.734 0.388 0.804 0.804 0.313 0.992 20 10
0.331 0.663 0.546 0.344 0.786 0.600 0.379 0.809 0.702 0.350 0.822 0.774 0.294 0.989 20 10
0.380 0.676 0.544 0.536 0.781 0.707 0.554 0.936 0.806 0.510 0.869 0.762 0.471 0.991 20 10
0.462 0.674 0.637 0.554 0.549 0.690 0.592 0.999 0.886 0.523 0.911 0.728 0.560 0.988 20 10
0.492 0.723 0.616 0.569 0.530 0.693 0.621 1.000 0.881 0.569 0.923 0.685 0.612 0.976 20 10
0.575 0.701 0.544 0.556 0.723 0.719 0.635 0.985 0.898 0.591 0.904 0.791 0.641 0.992 20 10
0.529 0.701 0.594 0.540 0.607 0.751 0.633 0.966 0.879 0.551 0.910 0.740 0.598 0.963 20 10
0.164 0.676 0.499 0.543 0.552 0.585 0.437 0.523 0.690 0.424 0.498 0.787 0.292 0.614 21 10
0.200 0.570 0.536 0.549 0.485 0.590 0.425 0.513 0.684 0.475 0.499 0.753 0.357 0.531 21 10
0.208 0.440 0.547 0.530 0.585 0.515 0.429 0.525 0.661 0.445 0.485 0.838 0.326 0.536 21 10
0.189 0.408 0.567 0.545 0.422 0.596 0.453 0.456 0.709 0.454 0.454 0.711 0.288 0.473 21 10
0.206 0.469 0.541 0.554 0.510 0.541 0.460 0.474 0.708 0.479 0.434 0.783 0.318 0.459 21 10
0.206 0.476 0.557 0.543 0.459 0.582 0.416 0.477 0.683 0.462 0.440 0.766 0.316 0.499 21 10
0.126 0.519 0.547 0.554 0.525 0.556 0.442 0.535 0.727 0.421 0.413 0.809 0.323 0.464 21 10
0.187 0.440 0.555 0.556 0.383 0.552 0.415 0.476 0.677 0.508 0.427 0.791 0.330 0.476 21 10
0.200 0.396 0.566 0.549 0.314 0.570 0.405 0.430 0.651 0.493 0.398 0.766 0.313 0.462 21 10
0.182 0.446 0.581 0.532 0.394 0.577 0.420 0.470 0.684 0.449 0.390 0.817 0.310 0.477 21 10
0.187 0.162 0.367 0.094 0.079 0.645 0.141 0.228 0.561 0.174 0.127 0.668 0.044 0.251 22 3
0.187 0.162 0.367 0.094 0.079 0.645 0.141 0.228 0.561 0.174 0.127 0.668 0.044 0.251 22 3
0.177 0.100 0.123 0.341 0.141 0.703 0.085 0.215 0.553 0.108 0.198 0.340 0.165 0.441 22 3
0.212 0.112 0.210 0.201 0.118 0.651 0.112 0.241 0.567 0.119 0.206 0.413 0.067 0.382 22 3
0.178 0.100 0.176 0.284 0.182 0.716 0.094 0.213 0.547 0.128 0.219 0.477 0.073 0.406 22 3
0.206 0.102 0.231 0.245 0.138 0.671 0.094 0.240 0.565 0.121 0.230 0.460 0.066 0.441 22 3
0.182 0.078 0.191 0.182 0.148 0.659 0.120 0.266 0.569 0.154 0.255 0.451 0.109 0.479 22 3
0.166 0.066 0.177 0.182 0.108 0.619 0.130 0.240 0.585 0.145 0.244 0.404 0.067 0.439 22 3
0.175 0.118 0.218 0.282 0.128 0.653 0.146 0.241 0.570 0.143 0.253 0.472 0.081 0.414 22 3
0.180 0.094 0.227 0.239 0.136 0.651 0.142 0.242 0.583 0.151 0.262 0.472 0.085 0.432 22 3
0.200 0.157 0.375 0.582 0.816 0.729 0.783 0.850 0.733 0.560 0.874 0.455 0.325 0.207 23 1
0.204 0.162 0.348 0.637 0.869 0.711 0.821 0.836 0.783 0.579 0.902 0.519 0.355 0.206 23 1
0.183 0.144 0.309 0.606 0.868 0.700 0.835 0.832 0.790 0.593 0.897 0.494 0.337 0.176 23 1
0.163 0.161 0.353 0.602 0.823 0.764 0.868 0.861 0.781 0.626 0.906 0.557 0.289 0.149 23 1
0.152 0.156 0.343 0.571 0.818 0.747 0.867 0.861 0.779 0.623 0.914 0.528 0.279 0.145 23 1
0.143 0.161 0.323 0.619 0.811 0.767 0.867 0.859 0.766 0.641 0.860 0.545 0.277 0.151 23 1
0.152 0.162 0.369 0.602 0.808 0.768 0.860 0.860 0.747 0.636 0.872 0.523 0.252 0.158 23 1
0.170 0.160 0.327 0.691 0.382 0.579 0.707 0.482 0.693 0.540 0.396 0.362 0.252 0.135 23 1
0.142 0.131 0.500 0.591 0.788 0.752 0.847 0.840 0.775 0.707 0.847 0.557 0.270 0.164 23 1
0.140 0.133 0.478 0.547 0.786 0.742 0.833 0.866 0.750 0.640 0.841 0.536 0.276 0.141 23 1
0.498 0.223 0.883 0.451 0.818 0.699 0.319 0.610 0.713 0.437 0.804 0.728 0.413 0.921 24 4
0.411 0.239 0.931 0.530 0.845 0.648 0.299 0.577 0.720 0.406 0.776 0.711 0.349 0.886 24 4
0.348 0.313 0.956 0.575 0.763 0.329 0.388 0.444 0.720 0.421 0.793 0.783 0.369 0.898 24 4
0.385 0.233 0.942 0.554 0.818 0.601 0.380 0.502 0.643 0.426 0.830 0.723 0.378 0.932 24 4
0.324 0.388 0.961 0.578 0.773 0.382 0.416 0.411 0.594 0.538 0.741 0.762 0.417 0.927 24 4
0.324 0.388 0.961 0.578 0.773 0.382 0.416 0.411 0.594 0.538 0.741 0.762 0.417 0.927 24 4
0.415 0.342 0.950 0.591 0.830 0.359 0.404 0.435 0.665 0.524 0.748 0.809 0.440 0.881 24 4
0.374 0.355 0.953 0.602 0.773 0.279 0.509 0.392 0.643 0.552 0.740 0.766 0.416 0.886 24 4
0.431 0.328 0.960 0.617 0.802 0.329 0.469 0.400 0.611 0.639 0.703 0.800 0.523 0.846 24 4
0.409 0.332 0.950 0.567 0.834 0.423 0.261 0.558 0.702 0.453 0.791 0.813 0.437 0.917 24 4
0.238 0.098 0.887 0.379 0.157 0.162 0.280 0.039 0.517 0.197 0.147 0.515 0.181 0.282 25 11
0.284 0.126 0.860 0.484 0.132 0.234 0.306 0.023 0.594 0.203 0.075 0.519 0.111 0.184 25 11
0.289 0.135 0.800 0.462 0.135 0.549 0.407 0.200 0.636 0.356 0.208 0.600 0.223 0.317 25 11
0.255 0.115 0.860 0.416 0.093 0.288 0.294 0.017 0.451 0.177 0.044 0.464 0.163 0.152 25 11
0.258 0.096 0.868 0.468 0.091 0.370 0.295 0.058 0.503 0.158 0.044 0.383 0.093 0.072 25 11
0.248 0.093 0.841 0.339 0.158 0.360 0.273 0.037 0.480 0.172 0.049 0.434 0.139 0.148 25 11
0.248 0.093 0.841 0.339 0.158 0.360 0.273 0.037 0.480 0.172 0.049 0.434 0.139 0.148 25 11
0.248 0.093 0.841 0.339 0.158 0.360 0.273 0.037 0.480 0.172 0.049 0.434 0.139 0.148 25 11
0.231 0.096 0.706 0.442 0.173 0.359 0.314 0.010 0.442 0.240 0.016 0.472 0.145 0.117 25 11
0.223 0.062 0.769 0.512 0.064 0.437 0.341 0.051 0.456 0.305 0.010 0.426 0.075 0.062 25 11
0.195 0.489 0.414 0.648 0.864 0.779 0.777 0.850 0.790 0.624 0.865 0.753 0.708 0.934 26 1
0.180 0.414 0.402 0.698 0.863 0.767 0.864 0.854 0.873 0.693 0.838 0.779 0.797 0.976 26 1
0.204 0.320 0.341 0.713 0.862 0.759 0.856 0.833 0.827 0.647 0.858 0.681 0.698 0.915 26 1
0.176 0.372 0.334 0.746 0.875 0.740 0.864 0.828 0.818 0.666 0.852 0.711 0.705 0.903 26 1
0.165 0.389 0.387 0.650 0.859 0.752 0.870 0.829 0.807 0.670 0.878 0.613 0.715 0.958 26 1
0.164 0.423 0.285 0.698 0.879 0.759 0.880 0.842 0.816 0.675 0.883 0.813 0.808 0.984 26 1
0.149 0.396 0.301 0.713 0.878 0.725 0.855 0.845 0.806 0.632 0.884 0.677 0.734 0.941 26 1
0.187 0.421 0.323 0.740 0.857 0.733 0.870 0.854 0.806 0.619 0.876 0.770 0.762 0.986 26 1
0.186 0.444 0.338 0.845 0.881 0.703 0.876 0.826 0.820 0.606 0.873 0.830 0.733 0.945 26 1
0.147 0.413 0.315 0.761 0.856 0.708 0.853 0.850 0.809 0.586 0.877 0.757 0.682 0.916 26 1
0.074 0.655 0.494 0.344 0.184 0.314 0.404 0.665 0.610 0.411 0.650 0.868 0.356 0.841 27 10
0.101 0.685 0.440 0.540 0.166 0.463 0.497 0.585 0.809 0.454 0.668 0.851 0.342 0.814 27 10
0.120 0.682 0.441 0.562 0.164 0.501 0.565 0.611 0.747 0.484 0.621 0.821 0.353 0.637 27 10
0.110 0.713 0.422 0.580 0.184 0.521 0.556 0.584 0.759 0.534 0.557 0.847 0.370 0.763 27 10
0.140 0.521 0.529 0.400 0.119 0.519 0.404 0.619 0.629 0.387 0.571 0.817 0.308 0.799 27 10
0.106 0.643 0.528 0.510 0.089 0.515 0.448 0.614 0.725 0.396 0.581 0.813 0.291 0.798 27 10
0.205 0.619 0.469 0.620 0.088 0.395 0.436 0.517 0.759 0.512 0.564 0.885 0.426 0.917 27 10
0.149 0.638 0.493 0.547 0.128 0.618 0.389 0.570 0.761 0.325 0.499 0.838 0.238 0.764 27 10
0.215 0.360 0.577 0.549 0.111 0.644 0.276 0.560 0.683 0.288 0.452 0.783 0.214 0.744 27 10
0.182 0.637 0.504 0.558 0.057 0.558 0.376 0.548 0.704 0.368 0.442 0.855 0.253 0.688 27 10
0.206 0.446 0.836 0.275 0.039 0.586 0.329 0.318 0.615 0.273 0.191 0.830 0.184 0.348 28 3
0.201 0.477 0.710 0.414 0.027 0.596 0.418 0.289 0.651 0.278 0.184 0.843 0.189 0.307 28 3
0.248 0.419 0.744 0.427 0.036 0.605 0.433 0.295 0.638 0.264 0.169 0.855 0.185 0.288 28 3
0.252 0.263 0.620 0.215 0.044 0.600 0.301 0.223 0.588 0.213 0.133 0.774 0.037 0.244 28 3
0.255 0.451 0.733 0.328 0.044 0.567 0.370 0.255 0.626 0.248 0.134 0.800 0.171 0.258 28 3
0.242 0.445 0.754 0.322 0.031 0.616 0.320 0.195 0.622 0.229 0.124 0.779 0.093 0.243 28 3
0.255 0.414 0.758 0.328 0.021 0.571 0.363 0.208 0.627 0.259 0.126 0.817 0.154 0.246 28 3
0.242 0.416 0.762 0.408 0.045 0.615 0.411 0.295 0.677 0.258 0.148 0.847 0.173 0.247 28 3
0.308 0.355 0.793 0.348 0.029 0.637 0.377 0.287 0.649 0.256 0.143 0.830 0.159 0.244 28 3
0.254 0.417 0.785 0.416 0.033 0.610 0.422 0.280 0.661 0.262 0.150 0.847 0.177 0.246 28 3
0.285 0.590 0.467 0.337 0.532 0.071 0.192 0.552 0.257 0.152 0.545 0.455 0.150 0.423 29 11
0.129 0.612 0.495 0.339 0.532 0.051 0.195 0.484 0.506 0.022 0.580 0.472 0.086 0.445 29 11
0.130 0.608 0.486 0.436 0.487 0.158 0.230 0.457 0.683 0.076 0.472 0.617 0.046 0.276 29 11
0.120 0.604 0.714 0.150 0.641 0.067 0.114 0.493 0.558 0.045 0.504 0.430 0.090 0.157 29 11
0.126 0.622 0.545 0.427 0.587 0.425 0.232 0.435 0.494 0.121 0.468 0.438 0.049 0.366 29 11
0.119 0.593 0.730 0.279 0.585 0.279 0.132 0.501 0.631 0.036 0.536 0.468 0.045 0.215 29 11
0.112 0.625 0.559 0.412 0.512 0.374 0.228 0.456 0.619 0.111 0.501 0.421 0.060 0.117 29 11
0.114 0.574 0.602 0.414 0.595 0.485 0.234 0.421 0.652 0.103 0.418 0.515 0.080 0.094 29 11
0.237 0.410 0.469 0.165 0.421 0.341 0.083 0.385 0.512 0.026 0.252 0.502 0.060 0.086 29 11
0.188 0.614 0.510 0.487 0.567 0.499 0.267 0.389 0.642 0.196 0.293 0.519 0.092 0.085 29 11
0.172 0.617 0.495 0.569 0.066 0.707 0.340 0.544 0.743 0.327 0.429 0.826 0.250 0.738 30 8
0.131 0.621 0.481 0.547 0.080 0.595 0.515 0.599 0.818 0.391 0.422 0.855 0.285 0.705 30 8
0.118 0.652 0.478 0.560 0.054 0.574 0.456 0.545 0.775 0.437 0.380 0.821 0.275 0.639 30 8
0.131 0.627 0.476 0.571 0.047 0.601 0.453 0.568 0.774 0.403 0.414 0.826 0.282 0.689 30 8
0.120 0.638 0.516 0.579 0.048 0.586 0.419 0.538 0.766 0.342 0.428 0.804 0.243 0.735 30 8
0.154 0.642 0.475 0.549 0.071 0.638 0.456 0.557 0.765 0.374 0.328 0.770 0.247 0.664 30 8
0.126 0.654 0.504 0.577 0.101 0.642 0.407 0.509 0.736 0.397 0.374 0.821 0.268 0.690 30 8
0.153 0.528 0.526 0.569 0.066 0.626 0.452 0.510 0.734 0.429 0.345 0.830 0.278 0.625 30 8
0.137 0.642 0.487 0.562 0.102 0.649 0.478 0.490 0.763 0.439 0.331 0.838 0.282 0.536 30 8
0.164 0.626 0.490 0.567 0.081 0.634 0.496 0.503 0.718 0.491 0.345 0.838 0.322 0.568 30 8
0.195 0.290 0.687 0.689 0.065 0.604 0.766 0.812 0.863 0.719 0.757 0.672 0.602 0.875 31 10
0.195 0.283 0.690 0.687 0.049 0.599 0.780 0.786 0.861 0.700 0.770 0.583 0.593 0.883 31 10
0.159 0.251 0.763 0.655 0.036 0.597 0.766 0.801 0.854 0.661 0.780 0.596 0.568 0.884 31 10
0.159 0.248 0.759 0.670 0.036 0.579 0.789 0.639 0.893 0.730 0.717 0.698 0.595 0.864 31 10
0.150 0.231 0.781 0.695 0.026 0.608 0.812 0.663 0.881 0.730 0.705 0.617 0.596 0.835 31 10
0.141 0.196 0.722 0.693 0.020 0.629 0.792 0.598 0.840 0.741 0.691 0.536 0.593 0.841 31 10
0.174 0.244 0.710 0.715 0.006 0.601 0.793 0.711 0.845 0.723 0.738 0.609 0.579 0.895 31 10
0.180 0.301 0.713 0.704 0.011 0.599 0.783 0.777 0.856 0.718 0.774 0.706 0.617 0.931 31 10
0.167 0.259 0.726 0.717 0.003 0.571 0.818 0.673 0.875 0.736 0.757 0.702 0.608 0.921 31 10
0.175 0.271 0.713 0.715 0.004 0.593 0.786 0.692 0.863 0.703 0.790 0.630 0.592 0.931 31 10
0.147 0.141 0.766 0.605 0.035 0.519 0.613 0.378 0.674 0.643 0.239 0.817 0.352 0.379 32 10
0.181 0.190 0.597 0.633 0.057 0.530 0.625 0.386 0.690 0.658 0.266 0.821 0.351 0.325 32 10
0.164 0.174 0.578 0.644 0.096 0.529 0.606 0.388 0.690 0.720 0.276 0.830 0.401 0.309 32 10
0.192 0.152 0.626 0.624 0.067 0.527 0.605 0.391 0.695 0.682 0.283 0.800 0.382 0.325 32 10
0.191 0.141 0.639 0.624 0.088 0.544 0.580 0.394 0.692 0.647 0.293 0.809 0.376 0.358 32 10
0.191 0.173 0.618 0.614 0.079 0.538 0.600 0.392 0.706 0.654 0.288 0.813 0.380 0.346 32 10
0.186 0.192 0.632 0.603 0.076 0.536 0.600 0.390 0.731 0.663 0.309 0.817 0.403 0.372 32 10
0.184 0.126 0.630 0.605 0.079 0.551 0.558 0.384 0.663 0.677 0.231 0.838 0.371 0.325 32 10
0.187 0.134 0.616 0.609 0.078 0.523 0.557 0.377 0.672 0.679 0.242 0.830 0.378 0.329 32 10
0.194 0.120 0.651 0.605 0.092 0.532 0.527 0.381 0.665 0.645 0.239 0.813 0.362 0.318 32 10
0.324 0.636 0.776 0.554 0.233 0.630 0.490 0.418 0.708 0.327 0.329 0.749 0.240 0.479 33 3
0.346 0.595 0.709 0.586 0.214 0.592 0.523 0.406 0.692 0.327 0.327 0.872 0.249 0.380 33 3
0.357 0.608 0.635 0.560 0.145 0.592 0.573 0.405 0.667 0.417 0.249 0.838 0.272 0.317 33 3
0.292 0.296 0.641 0.298 0.111 0.566 0.370 0.370 0.670 0.263 0.202 0.681 0.159 0.268 33 3
0.265 0.446 0.677 0.459 0.366 0.611 0.510 0.406 0.706 0.313 0.293 0.881 0.255 0.420 33 3
0.350 0.608 0.745 0.545 0.169 0.636 0.540 0.402 0.681 0.320 0.307 0.817 0.236 0.346 33 3
0.340 0.589 0.723 0.571 0.216 0.636 0.573 0.414 0.709 0.356 0.356 0.843 0.260 0.523 33 3
0.269 0.247 0.734 0.311 0.102 0.549 0.288 0.347 0.636 0.225 0.166 0.664 0.074 0.267 33 3
0.348 0.520 0.739 0.530 0.182 0.659 0.457 0.417 0.701 0.265 0.308 0.834 0.208 0.410 33 3
0.328 0.532 0.682 0.433 0.501 0.627 0.460 0.441 0.718 0.324 0.395 0.838 0.247 0.567 33 3
0.238 0.395 0.826 0.185 0.624 0.066 0.297 0.517 0.513 0.343 0.914 0.012 0.470 0.804 34 12
0.215 0.510 0.762 0.376 0.649 0.263 0.229 0.442 0.683 0.572 0.860 0.741 0.507 0.892 34 12
0.101 0.672 0.499 0.212 0.605 0.359 0.117 0.377 0.417 0.329 0.659 0.791 0.298 0.786 34 12
0.090 0.698 0.496 0.371 0.517 0.386 0.216 0.407 0.487 0.378 0.637 0.829 0.314 0.796 34 12
0.093 0.689 0.540 0.367 0.107 0.396 0.130 0.329 0.455 0.366 0.711 0.821 0.337 0.812 34 12
0.109 0.521 0.658 0.313 0.191 0.244 0.121 0.388 0.537 0.258 0.748 0.794 0.263 0.821 34 12
0.109 0.481 0.619 0.288 0.315 0.351 0.141 0.389 0.517 0.283 0.698 0.797 0.267 0.804 34 12
0.106 0.631 0.519 0.388 0.624 0.303 0.246 0.402 0.645 0.305 0.688 0.803 0.263 0.791 34 12
0.086 0.684 0.547 0.380 0.666 0.425 0.211 0.388 0.526 0.451 0.717 0.832 0.376 0.818 34 12
0.091 0.679 0.547 0.337 0.672 0.445 0.204 0.411 0.496 0.436 0.655 0.818 0.374 0.818 34 12
0.093 0.500 0.378 0.086 0.574 0.263 0.129 0.484 0.280 0.148 0.484 0.109 0.051 0.501 35 2
0.104 0.478 0.456 0.088 0.609 0.248 0.134 0.503 0.305 0.125 0.544 0.026 0.054 0.545 35 2
0.095 0.455 0.462 0.094 0.634 0.273 0.034 0.536 0.278 0.011 0.550 0.337 0.093 0.676 35 2
0.074 0.491 0.424 0.114 0.678 0.336 0.024 0.462 0.125 0.067 0.282 0.468 0.150 0.410 35 2
0.075 0.525 0.420 0.071 0.582 0.260 0.118 0.500 0.260 0.157 0.482 0.202 0.040 0.443 35 2
0.143 0.406 0.412 0.094 0.563 0.300 0.153 0.507 0.357 0.137 0.499 0.006 0.044 0.417 35 2
0.087 0.450 0.433 0.120 0.553 0.193 0.115 0.537 0.143 0.017 0.321 0.260 0.078 0.508 35 2
0.095 0.418 0.425 0.109 0.535 0.252 0.030 0.465 0.232 0.095 0.324 0.532 0.141 0.522 35 2
0.081 0.463 0.415 0.105 0.505 0.242 0.022 0.432 0.244 0.054 0.314 0.428 0.093 0.465 35 2
0.104 0.463 0.443 0.097 0.541 0.316 0.011 0.440 0.275 0.076 0.307 0.519 0.113 0.459 35 2
0.100 0.679 0.359 0.142 0.622 0.221 0.151 0.666 0.316 0.128 0.633 0.223 0.092 0.707 36 2
0.076 0.683 0.353 0.135 0.701 0.268 0.171 0.734 0.321 0.187 0.749 0.097 0.069 0.739 36 2
0.106 0.670 0.345 0.103 0.726 0.367 0.136 0.747 0.326 0.129 0.710 0.329 0.062 0.740 36 2
0.079 0.669 0.324 0.075 0.791 0.436 0.092 0.780 0.403 0.082 0.762 0.400 0.070 0.783 36 2
0.142 0.680 0.353 0.112 0.837 0.482 0.133 0.807 0.396 0.093 0.761 0.396 0.064 0.783 36 2
0.074 0.584 0.308 0.114 0.770 0.381 0.075 0.754 0.351 0.052 0.687 0.381 0.072 0.700 36 2
0.158 0.665 0.274 0.099 0.832 0.596 0.091 0.846 0.506 0.095 0.843 0.433 0.072 0.799 36 2
0.117 0.675 0.330 0.086 0.738 0.351 0.107 0.783 0.373 0.140 0.801 0.290 0.063 0.762 36 2
0.080 0.683 0.330 0.112 0.780 0.375 0.119 0.789 0.374 0.117 0.747 0.349 0.048 0.748 36 2
0.249 0.695 0.420 0.071 0.800 0.444 0.109 0.802 0.515 0.117 0.788 0.333 0.029 0.759 36 2
0.074 0.129 0.169 0.047 0.147 0.433 0.023 0.218 0.405 0.253 0.148 0.639 0.190 0.176 37 2
0.133 0.184 0.205 0.060 0.104 0.348 0.034 0.199 0.248 0.137 0.137 0.665 0.146 0.171 37 2
0.131 0.170 0.160 0.047 0.197 0.358 0.047 0.313 0.267 0.135 0.126 0.552 0.145 0.181 37 2
0.143 0.146 0.154 0.056 0.162 0.312 0.048 0.259 0.257 0.135 0.129 0.571 0.155 0.183 37 2
0.153 0.167 0.200 0.056 0.157 0.312 0.064 0.338 0.258 0.161 0.145 0.504 0.140 0.187 37 2
0.170 0.174 0.160 0.049 0.179 0.304 0.058 0.275 0.241 0.128 0.146 0.578 0.161 0.205 37 2
0.171 0.190 0.260 0.036 0.171 0.316 0.080 0.331 0.237 0.189 0.123 0.522 0.218 0.237 37 2
0.140 0.116 0.133 0.043 0.193 0.340 0.092 0.330 0.294 0.172 0.129 0.520 0.165 0.191 37 2
0.157 0.165 0.209 0.077 0.121 0.229 0.044 0.251 0.230 0.088 0.161 0.651 0.153 0.176 37 2
0.172 0.132 0.147 0.064 0.186 0.349 0.060 0.344 0.283 0.138 0.130 0.582 0.155 0.169 37 2
0.126 0.572 0.480 0.281 0.440 0.085 0.115 0.412 0.148 0.128 0.337 0.595 0.219 0.384 38 11
0.141 0.523 0.402 0.324 0.408 0.363 0.244 0.287 0.419 0.266 0.091 0.595 0.146 0.084 38 11
0.136 0.618 0.393 0.296 0.391 0.379 0.232 0.276 0.369 0.204 0.095 0.582 0.148 0.079 38 11
0.198 0.218 0.332 0.223 0.137 0.205 0.124 0.215 0.192 0.214 0.057 0.485 0.140 0.060 38 11
0.115 0.566 0.436 0.277 0.439 0.251 0.217 0.237 0.274 0.162 0.057 0.506 0.178 0.073 38 11
0.131 0.586 0.408 0.300 0.460 0.348 0.223 0.233 0.401 0.187 0.054 0.574 0.156 0.063 38 11
0.133 0.646 0.401 0.285 0.450 0.279 0.215 0.246 0.368 0.182 0.050 0.563 0.152 0.057 38 11
0.120 0.639 0.428 0.311 0.429 0.389 0.207 0.334 0.327 0.176 0.092 0.543 0.144 0.057 38 11
0.125 0.632 0.430 0.309 0.388 0.411 0.188 0.334 0.284 0.190 0.106 0.537 0.134 0.052 38 11
0.133 0.539 0.413 0.279 0.472 0.284 0.215 0.239 0.346 0.178 0.058 0.552 0.134 0.051 38 11
0.120 0.180 0.400 0.579 0.161 0.707 0.374 0.185 0.591 0.863 0.808 0.779 0.757 0.873 39 7
0.106 0.170 0.296 0.689 0.130 0.614 0.385 0.188 0.593 0.879 0.814 0.831 0.724 0.846 39 7
0.149 0.189 0.396 0.567 0.073 0.633 0.376 0.161 0.590 0.856 0.840 0.818 0.774 0.858 39 7
0.127 0.169 0.378 0.627 0.142 0.551 0.305 0.135 0.652 0.624 0.876 0.797 0.667 0.848 39 7
0.119 0.147 0.375 0.189 0.159 0.621 0.114 0.110 0.689 0.270 0.891 0.745 0.299 0.877 39 7
0.141 0.155 0.361 0.395 0.210 0.701 0.318 0.235 0.647 0.799 0.882 0.823 0.688 0.879 39 7
0.098 0.143 0.215 0.326 0.127 0.588 0.240 0.211 0.739 0.343 0.929 0.775 0.389 0.905 39 7
0.141 0.151 0.262 0.180 0.186 0.633 0.268 0.279 0.474 0.764 0.810 0.851 0.656 0.858 39 7
0.141 0.151 0.262 0.180 0.186 0.633 0.268 0.279 0.474 0.764 0.810 0.851 0.656 0.858 39 7
0.132 0.179 0.227 0.236 0.188 0.649 0.197 0.266 0.513 0.507 0.814 0.796 0.499 0.757 39 7
0.174 0.162 0.301 0.273 0.096 0.301 0.496 0.324 0.568 0.362 0.159 0.723 0.236 0.257 40 3
0.163 0.171 0.463 0.249 0.072 0.415 0.574 0.389 0.684 0.398 0.109 0.688 0.208 0.118 40 3
0.157 0.169 0.494 0.245 0.048 0.512 0.590 0.474 0.726 0.385 0.094 0.690 0.217 0.098 40 3
0.157 0.169 0.494 0.245 0.048 0.512 0.590 0.474 0.726 0.385 0.094 0.690 0.217 0.098 40 3
0.183 0.157 0.335 0.238 0.053 0.247 0.367 0.365 0.636 0.251 0.033 0.634 0.129 0.052 40 3
0.170 0.169 0.393 0.215 0.093 0.273 0.463 0.391 0.723 0.350 0.120 0.662 0.219 0.099 40 3
0.171 0.176 0.447 0.234 0.072 0.414 0.423 0.427 0.718 0.318 0.124 0.665 0.203 0.094 40 3
0.166 0.150 0.303 0.260 0.078 0.319 0.322 0.324 0.607 0.270 0.131 0.691 0.172 0.122 40 3
0.176 0.199 0.439 0.155 0.099 0.267 0.449 0.394 0.703 0.317 0.144 0.701 0.222 0.108 40 3
0.176 0.152 0.313 0.285 0.080 0.388 0.345 0.553 0.661 0.253 0.166 0.667 0.129 0.090 40 3
0.167 0.606 0.366 0.541 0.042 0.599 0.300 0.726 0.737 0.325 0.139 0.719 0.123 0.060 41 12
0.170 0.287 0.384 0.496 0.045 0.524 0.339 0.565 0.735 0.330 0.120 0.719 0.113 0.036 41 12
0.146 0.378 0.419 0.455 0.040 0.564 0.324 0.568 0.742 0.320 0.165 0.703 0.115 0.030 41 12
0.193 0.334 0.453 0.391 0.041 0.512 0.315 0.575 0.696 0.376 0.123 0.660 0.099 0.053 41 12
0.159 0.419 0.448 0.491 0.019 0.616 0.299 0.620 0.725 0.345 0.181 0.671 0.072 0.026 41 12
0.212 0.396 0.428 0.459 0.022 0.680 0.298 0.624 0.737 0.312 0.183 0.677 0.075 0.022 41 12
0.204 0.220 0.526 0.393 0.027 0.589 0.281 0.429 0.707 0.296 0.160 0.684 0.064 0.042 41 12
0.260 0.215 0.425 0.324 0.028 0.624 0.265 0.453 0.666 0.259 0.157 0.690 0.079 0.058 41 12
0.260 0.215 0.425 0.324 0.028 0.624 0.265 0.453 0.666 0.259 0.157 0.690 0.079 0.058 41 12
0.149 0.419 0.489 0.474 0.019 0.632 0.290 0.652 0.750 0.368 0.178 0.714 0.129 0.067 41 12
